2	0	4
50	0	2
35	0	2
24	0	2
40	0	1
73	0	2
11	0	2
62	0	2
78	0	2
31	0	1
48	1	2
64	1	0
33	1	2
17	1	2
70	1	2
54	1	2
23	1	0
42	1	3
12	1	4
77	1	1
16	2	2
49	2	4
52	2	0
6	2	3
56	2	3
40	2	0
44	2	3
29	2	2
78	2	3
30	2	3
2	3	2
6	3	2
8	3	5
9	3	2
73	3	2
27	3	1
76	3	1
77	3	3
14	3	1
78	3	2
32	4	2
54	4	2
39	4	3
55	4	4
26	4	0
60	4	5
29	4	1
46	4	2
14	4	2
31	4	5
0	5	2
32	5	0
48	5	2
16	5	2
33	5	2
50	5	0
3	5	0
22	5	0
12	5	2
31	5	1
32	6	5
16	6	2
49	6	1
17	6	2
51	6	0
53	6	4
57	6	1
11	6	2
59	6	2
76	6	4
17	7	1
1	7	2
51	7	2
36	7	1
68	7	3
37	7	1
58	7	2
43	7	4
59	7	2
47	7	1
2	8	1
3	8	0
4	8	1
54	8	1
71	8	3
23	8	2
57	8	2
75	8	4
76	8	2
78	8	5
49	9	1
51	9	5
68	9	4
53	9	4
70	9	2
7	9	3
8	9	2
13	9	1
77	9	1
47	9	1
0	10	2
32	10	2
18	10	5
34	10	0
36	10	2
23	10	2
73	10	2
9	10	2
11	10	5
12	10	0
64	11	4
0	11	2
67	11	2
4	11	2
20	11	2
56	11	3
73	11	2
57	11	4
45	11	2
63	11	1
66	12	4
67	12	2
35	12	2
68	12	0
20	12	3
6	12	3
22	12	0
8	12	2
42	12	2
59	12	2
0	13	3
49	13	2
50	13	2
51	13	0
20	13	2
37	13	1
12	13	5
28	13	2
76	13	2
30	13	5
16	14	1
50	14	2
20	14	0
52	14	0
23	14	2
39	14	2
9	14	3
43	14	2
31	14	0
63	14	5
20	15	2
5	15	2
37	15	5
70	15	2
39	15	5
23	15	2
71	15	2
41	15	2
61	15	2
79	15	2
39	16	0
23	16	4
73	16	5
9	16	2
26	16	5
74	16	5
42	16	5
43	16	5
30	16	5
78	16	4
16	17	5
33	17	5
67	17	5
69	17	1
21	17	4
7	17	5
56	17	2
57	17	1
75	17	5
77	17	2
67	18	1
19	18	1
68	18	3
22	18	2
55	18	3
56	18	4
40	18	1
26	18	2
27	18	2
43	18	2
48	19	2
33	19	5
34	19	1
19	19	5
25	19	2
10	19	3
29	19	2
77	19	1
30	19	2
47	19	4
4	20	3
36	20	5
68	20	4
55	20	1
23	20	2
10	20	5
45	20	1
14	20	2
30	20	2
47	20	2
65	21	2
19	21	2
53	21	1
71	21	2
55	21	2
43	21	2
12	21	1
76	21	1
63	21	1
15	21	2
0	22	5
65	22	5
3	22	2
67	22	5
38	22	5
9	22	1
25	22	5
44	22	5
62	22	5
15	22	5
32	23	0
17	23	2
2	23	1
34	23	2
18	23	0
50	23	2
5	23	2
55	23	2
12	23	3
63	23	3
36	24	0
20	24	0
37	24	4
38	24	0
70	24	0
39	24	0
74	24	0
75	24	4
14	24	0
47	24	0
1	25	2
7	25	1
39	25	2
26	25	2
74	25	2
59	25	2
30	25	1
31	25	2
15	25	1
79	25	2
32	26	1
16	26	1
49	26	0
34	26	2
22	26	2
72	26	3
9	26	2
41	26	2
43	26	5
45	26	2
0	27	4
48	27	2
49	27	2
34	27	2
18	27	1
28	27	2
78	27	3
62	27	2
30	27	1
15	27	1
49	28	5
41	28	2
74	28	2
26	28	2
11	28	2
28	28	2
12	28	5
29	28	1
61	28	1
31	28	2
2	29	2
51	29	0
67	29	2
38	29	2
71	29	1
41	29	2
11	29	2
28	29	2
46	29	1
79	29	2
65	30	4
51	30	4
52	30	2
20	30	5
53	30	1
58	30	2
27	30	0
61	30	2
45	30	2
47	30	1
64	31	2
35	31	2
52	31	4
38	31	2
23	31	1
41	31	2
26	31	2
29	31	1
63	31	2
15	31	1
2	32	2
18	32	5
21	32	1
5	32	2
22	32	2
71	32	2
74	32	2
44	32	3
61	32	2
63	32	2
16	33	5
50	33	5
6	33	5
39	33	5
71	33	1
72	33	2
11	33	2
76	33	2
79	33	5
47	33	1
16	34	2
32	34	2
34	34	2
21	34	3
73	34	2
42	34	2
12	34	4
44	34	5
14	34	2
15	34	5
19	35	2
67	35	4
37	35	2
21	35	4
6	35	4
25	35	2
77	35	3
29	35	2
46	35	0
62	35	2
65	36	2
67	36	1
54	36	2
6	36	5
24	36	4
25	36	2
41	36	2
74	36	1
43	36	2
13	36	1
16	37	3
17	37	2
65	37	2
34	37	2
56	37	1
41	37	2
10	37	2
75	37	3
43	37	1
14	37	5
1	38	1
17	38	5
68	38	1
69	38	1
37	38	5
71	38	2
27	38	2
59	38	2
60	38	1
47	38	0
64	39	1
33	39	2
1	39	5
53	39	1
21	39	0
70	39	2
22	39	0
57	39	1
58	39	2
12	39	3
65	40	2
49	40	4
1	40	3
51	40	3
21	40	1
8	40	4
42	40	2
11	40	2
78	40	1
62	40	3
33	41	2
50	41	2
6	41	1
22	41	2
10	41	2
42	41	2
58	41	1
75	41	2
28	41	2
77	41	1
32	42	1
35	42	1
19	42	2
20	42	0
37	42	2
54	42	2
24	42	2
73	42	2
41	42	2
29	42	2
32	43	1
65	43	2
2	43	1
35	43	3
53	43	5
22	43	2
40	43	0
41	43	2
57	43	2
76	43	3
48	44	4
65	44	4
22	44	5
6	44	2
71	44	5
56	44	0
8	44	4
42	44	2
44	44	2
77	44	5
32	45	2
34	45	2
21	45	0
54	45	2
22	45	4
6	45	2
23	45	1
39	45	5
13	45	4
79	45	2
32	46	0
48	46	2
16	46	2
19	46	3
5	46	2
70	46	2
55	46	2
24	46	1
11	46	2
47	46	2
32	47	4
17	47	2
49	47	4
33	47	3
35	47	2
51	47	4
38	47	1
24	47	2
43	47	2
45	47	2
16	48	1
33	48	1
19	48	1
21	48	0
5	48	0
8	48	2
58	48	2
43	48	2
44	48	1
31	48	2
17	49	3
18	49	1
19	49	4
4	49	2
73	49	2
58	49	2
43	49	0
76	49	4
46	49	0
79	49	2
16	50	2
33	50	1
56	50	2
24	50	3
74	50	2
59	50	5
43	50	2
60	50	3
78	50	1
63	50	1
17	51	1
66	51	1
19	51	1
71	51	5
58	51	4
43	51	2
13	51	2
46	51	5
31	51	2
15	51	2
32	52	3
18	52	5
68	52	2
37	52	2
6	52	5
39	52	2
71	52	2
10	52	0
30	52	4
63	52	2
19	53	1
35	53	2
4	53	2
21	53	1
53	53	4
55	53	3
56	53	5
57	53	2
43	53	2
77	53	1
48	54	4
49	54	0
65	54	2
53	54	0
41	54	2
25	54	4
59	54	2
76	54	0
30	54	2
79	54	2
49	55	1
66	55	4
35	55	1
4	55	4
74	55	2
42	55	2
11	55	2
44	55	3
61	55	2
78	55	2
48	56	1
65	56	2
50	56	2
68	56	2
56	56	3
74	56	2
75	56	2
45	56	1
61	56	1
79	56	2
2	57	5
3	57	1
54	57	2
40	57	1
72	57	5
25	57	1
12	57	3
61	57	2
30	57	1
79	57	2
17	58	2
67	58	1
36	58	2
53	58	5
70	58	2
55	58	2
74	58	2
76	58	1
30	58	2
46	58	1
64	59	1
49	59	1
34	59	2
3	59	2
4	59	2
5	59	2
24	59	4
26	59	2
74	59	2
31	59	1
1	60	2
3	60	1
52	60	5
53	60	0
57	60	1
10	60	1
46	60	1
14	60	2
63	60	5
79	60	2
32	61	0
64	61	0
2	61	1
18	61	0
19	61	3
51	61	5
52	61	1
37	61	5
43	61	1
12	61	4
1	62	4
18	62	0
3	62	2
68	62	0
55	62	2
8	62	2
73	62	2
74	62	2
28	62	2
79	62	2
65	63	4
51	63	4
7	63	2
40	63	2
74	63	4
59	63	2
11	63	1
60	63	4
61	63	2
47	63	5
66	64	1
2	64	5
20	64	2
53	64	5
70	64	2
54	64	2
8	64	2
25	64	4
29	64	5
78	64	1
64	65	2
66	65	3
50	65	2
38	65	1
24	65	2
57	65	5
41	65	1
10	65	2
26	65	2
76	65	1
17	66	4
50	66	4
66	66	2
52	66	2
5	66	4
54	66	3
56	66	1
25	66	4
43	66	4
31	66	2
48	67	1
49	67	1
34	67	1
54	67	1
39	67	1
55	67	1
11	67	5
12	67	2
30	67	2
47	67	1
34	68	0
18	68	2
2	68	2
35	68	3
68	68	1
6	68	2
22	68	2
55	68	1
40	68	1
15	68	1
32	69	2
17	69	4
51	69	1
68	69	3
21	69	5
69	69	4
57	69	1
25	69	2
60	69	4
15	69	5
0	70	2
66	70	2
50	70	2
68	70	2
4	70	2
53	70	1
5	70	2
75	70	1
29	70	2
30	70	5
32	71	2
49	71	2
53	71	1
38	71	1
71	71	1
24	71	5
41	71	0
44	71	1
61	71	1
78	71	1
1	72	2
50	72	2
53	72	1
5	72	2
54	72	1
56	72	2
26	72	2
29	72	1
14	72	5
47	72	1
48	73	3
17	73	5
65	73	2
35	73	1
55	73	2
10	73	5
59	73	4
30	73	0
62	73	2
63	73	1
1	74	2
65	74	2
51	74	1
68	74	5
38	74	2
70	74	2
8	74	5
24	74	2
41	74	2
60	74	3
64	75	0
0	75	0
65	75	2
20	75	2
21	75	0
70	75	2
23	75	2
40	75	0
73	75	2
11	75	2
5	76	1
38	76	1
8	76	4
25	76	1
75	76	1
60	76	1
12	76	1
29	76	2
78	76	1
31	76	1
1	77	1
34	77	2
69	77	2
70	77	2
56	77	1
9	77	1
43	77	2
28	77	2
61	77	1
15	77	0
52	78	1
69	78	1
54	78	1
22	78	4
23	78	0
25	78	2
9	78	2
10	78	1
29	78	5
45	78	1
17	79	2
38	79	2
25	79	1
10	79	1
11	79	3
76	79	2
44	79	1
45	79	1
14	79	0
63	79	1
32	80	1
49	80	1
33	80	2
65	80	3
17	80	1
21	80	0
6	80	1
73	80	2
29	80	0
77	80	2
54	81	2
56	81	1
8	81	1
9	81	2
43	81	5
75	81	3
44	81	2
45	81	3
46	81	1
15	81	5
18	82	2
52	82	5
54	82	1
23	82	1
57	82	1
75	82	1
59	82	5
43	82	1
76	82	1
13	82	2
3	83	1
5	83	2
38	83	2
54	83	1
39	83	3
40	83	1
73	83	2
74	83	2
78	83	2
46	83	2
1	84	0
66	84	2
4	84	2
53	84	4
22	84	2
39	84	2
9	84	3
10	84	1
60	84	1
45	84	2
64	85	4
17	85	2
55	85	0
24	85	4
41	85	2
9	85	2
58	85	2
45	85	5
61	85	1
62	85	1
48	86	2
2	86	1
20	86	1
68	86	3
5	86	1
70	86	1
56	86	1
29	86	1
78	86	5
63	86	1
48	87	2
1	87	5
65	87	2
2	87	0
67	87	2
6	87	5
75	87	2
14	87	5
30	87	1
47	87	2
1	88	1
33	88	1
66	88	4
3	88	4
39	88	2
58	88	1
11	88	1
76	88	2
12	88	1
46	88	2
1	89	5
49	89	0
50	89	4
20	89	4
38	89	4
41	89	4
74	89	4
44	89	2
12	89	2
78	89	2
33	90	2
69	90	2
5	90	5
71	90	2
41	90	5
42	90	5
76	90	1
29	90	2
62	90	1
31	90	2
65	91	2
4	91	4
68	91	3
6	91	2
54	91	2
72	91	2
26	91	2
43	91	0
30	91	1
63	91	2
48	92	4
16	92	1
2	92	2
19	92	1
23	92	5
26	92	2
10	92	5
13	92	0
77	92	1
63	92	2
16	93	2
17	93	4
1	93	2
34	93	3
3	93	2
22	93	1
39	93	4
24	93	0
77	93	3
47	93	2
34	94	2
70	94	2
38	94	2
22	94	4
58	94	2
74	94	2
27	94	1
77	94	2
62	94	2
46	94	2
64	95	2
16	95	2
17	95	2
4	95	2
39	95	2
24	95	1
9	95	2
29	95	1
63	95	1
79	95	3
66	96	1
51	96	1
68	96	1
36	96	2
52	96	2
53	96	3
77	96	5
31	96	1
63	96	1
15	96	1
34	97	0
67	97	4
20	97	1
23	97	2
24	97	2
9	97	4
10	97	2
42	97	2
13	97	5
47	97	2
16	98	2
66	98	2
2	98	4
54	98	4
6	98	4
41	98	4
25	98	4
11	98	1
44	98	2
77	98	4
1	99	5
3	99	1
70	99	1
57	99	1
42	99	1
28	99	1
76	99	3
46	99	1
78	99	0
47	99	2
65	100	2
50	100	1
19	100	1
37	100	1
54	100	1
23	100	1
56	100	4
12	100	1
45	100	1
79	100	1
32	101	1
67	101	5
20	101	2
38	101	2
7	101	2
56	101	1
74	101	2
12	101	4
14	101	1
78	101	2
16	102	5
1	102	5
50	102	2
69	102	1
56	102	2
42	102	2
74	102	2
75	102	2
29	102	3
77	102	2
50	103	5
34	103	0
68	103	4
36	103	1
69	103	1
22	103	2
7	103	3
72	103	1
58	103	2
43	103	1
35	104	2
69	104	2
39	104	2
23	104	0
9	104	1
75	104	2
12	104	5
76	104	0
61	104	5
79	104	4
65	105	2
3	105	1
68	105	2
8	105	2
73	105	2
43	105	1
60	105	3
12	105	2
47	105	0
63	105	2
2	106	2
34	106	2
24	106	5
72	106	0
56	106	2
43	106	2
59	106	1
60	106	1
28	106	2
44	106	4
1	107	5
19	107	5
55	107	4
8	107	2
40	107	2
41	107	4
9	107	4
10	107	2
27	107	5
79	107	5
17	108	2
67	108	2
36	108	2
37	108	1
24	108	0
73	108	2
9	108	2
43	108	2
13	108	3
45	108	4
1	109	0
52	109	4
36	109	2
37	109	1
56	109	0
74	109	5
27	109	5
12	109	0
45	109	1
61	109	1
32	110	3
64	110	2
0	110	2
2	110	2
18	110	0
74	110	2
11	110	1
14	110	3
47	110	0
31	110	3
18	111	1
19	111	2
3	111	5
5	111	2
40	111	1
25	111	0
42	111	5
43	111	0
44	111	2
31	111	2
35	112	4
51	112	2
4	112	4
53	112	2
23	112	2
74	112	4
75	112	4
43	112	5
77	112	0
63	112	2
68	113	3
21	113	1
6	113	1
54	113	4
71	113	3
72	113	1
8	113	2
27	113	2
75	113	2
31	113	3
66	114	1
4	114	2
69	114	2
5	114	2
38	114	2
25	114	5
58	114	2
42	114	1
75	114	0
47	114	1
2	115	1
36	115	1
37	115	1
54	115	4
56	115	2
72	115	1
25	115	1
26	115	1
76	115	1
78	115	1
65	116	2
49	116	2
2	116	5
53	116	1
21	116	2
55	116	2
56	116	1
59	116	5
78	116	2
14	116	5
48	117	1
16	117	4
32	117	5
34	117	1
38	117	2
39	117	2
10	117	1
59	117	4
60	117	5
78	117	1
17	118	4
35	118	0
68	118	0
5	118	2
21	118	2
54	118	2
39	118	2
42	118	2
59	118	2
79	118	5
66	119	0
38	119	0
7	119	5
39	119	2
40	119	1
72	119	0
11	119	0
62	119	0
79	119	0
63	119	4
48	120	2
66	120	1
3	120	2
21	120	0
38	120	2
72	120	5
27	120	1
12	120	1
62	120	2
63	120	2
17	121	1
50	121	3
19	121	1
22	121	4
58	121	0
29	121	2
77	121	2
30	121	4
62	121	2
15	121	1
34	122	2
51	122	1
20	122	2
21	122	5
71	122	1
59	122	2
28	122	2
61	122	2
15	122	2
47	122	4
0	123	2
39	123	2
72	123	1
8	123	2
41	123	2
9	123	1
75	123	2
44	123	1
28	123	3
79	123	1
1	124	1
2	124	1
5	124	2
38	124	2
39	124	1
74	124	2
13	124	2
29	124	3
14	124	4
63	124	5
48	125	0
2	125	2
34	125	4
19	125	2
35	125	4
36	125	2
53	125	2
7	125	2
24	125	2
45	125	4
50	126	2
66	126	2
4	126	2
39	126	2
56	126	0
42	126	1
10	126	1
26	126	1
43	126	2
31	126	2
33	127	4
3	127	2
53	127	3
22	127	4
55	127	3
10	127	2
59	127	4
44	127	5
62	127	4
63	127	4
64	128	1
19	128	1
5	128	1
54	128	1
39	128	0
24	128	5
57	128	5
44	128	1
45	128	5
79	128	3
17	129	2
69	129	2
5	129	1
7	129	3
58	129	1
42	129	1
43	129	4
28	129	1
12	129	2
62	129	1
64	130	1
36	130	2
5	130	2
53	130	4
54	130	4
6	130	2
25	130	2
42	130	1
59	130	2
31	130	2
39	131	2
72	131	0
58	131	2
10	131	3
28	131	2
29	131	1
13	131	1
14	131	0
47	131	1
15	131	1
19	132	2
51	132	2
35	132	1
37	132	1
70	132	1
71	132	1
28	132	1
60	132	2
78	132	3
31	132	1
18	133	2
51	133	1
20	133	1
6	133	5
72	133	1
57	133	1
73	133	1
28	133	1
13	133	1
63	133	0
32	134	2
16	134	1
18	134	1
8	134	1
56	134	3
41	134	2
59	134	2
27	134	2
29	134	1
47	134	1
20	135	1
22	135	4
71	135	2
39	135	0
61	135	5
78	135	5
46	135	1
14	135	1
31	135	2
47	135	4
17	136	4
49	136	4
66	136	1
50	136	2
52	136	1
36	136	2
37	136	1
59	136	2
13	136	2
79	136	2
16	137	1
37	137	2
38	137	2
74	137	2
75	137	2
27	137	2
60	137	5
28	137	2
76	137	1
29	137	2
0	138	4
64	138	4
66	138	2
34	138	4
54	138	2
77	138	4
46	138	5
79	138	3
63	138	5
47	138	2
36	139	2
6	139	3
55	139	5
24	139	1
73	139	2
58	139	1
11	139	1
13	139	1
30	139	4
31	139	2
64	140	2
18	140	1
51	140	3
38	140	2
55	140	2
39	140	5
56	140	1
8	140	1
26	140	2
60	140	5
16	141	3
34	141	2
4	141	2
6	141	5
71	141	1
10	141	1
76	141	4
45	141	3
46	141	3
15	141	2
67	142	2
21	142	2
53	142	1
70	142	2
24	142	2
57	142	5
74	142	2
11	142	2
44	142	4
15	142	1
49	143	3
33	143	2
66	143	2
5	143	2
55	143	2
27	143	1
45	143	2
61	143	1
46	143	0
47	143	2
0	144	1
49	144	1
1	144	0
35	144	1
36	144	2
57	144	1
41	144	2
42	144	1
60	144	2
14	144	2
48	145	2
32	145	2
33	145	2
2	145	5
6	145	3
38	145	2
58	145	2
43	145	3
30	145	1
78	145	2
64	146	1
0	146	1
17	146	1
49	146	4
8	146	1
24	146	2
10	146	1
29	146	1
79	146	1
31	146	1
1	147	2
2	147	2
52	147	1
71	147	3
40	147	1
9	147	0
59	147	2
60	147	0
77	147	2
31	147	1
16	148	1
52	148	0
55	148	1
72	148	2
40	148	2
41	148	1
10	148	2
75	148	5
30	148	1
78	148	1
65	149	2
19	149	2
35	149	0
5	149	2
71	149	2
23	149	2
8	149	2
9	149	2
44	149	1
47	149	1
68	150	0
53	150	1
21	150	2
5	150	2
8	150	4
40	150	0
41	150	2
12	150	3
61	150	1
78	150	4
32	151	0
64	151	2
34	151	1
50	151	2
18	151	1
71	151	2
23	151	2
56	151	2
75	151	1
45	151	2
32	152	2
52	152	2
40	152	5
25	152	2
73	152	2
12	152	3
14	152	1
78	152	2
30	152	4
63	152	0
32	153	1
4	153	2
53	153	1
38	153	2
71	153	2
8	153	1
24	153	4
9	153	2
13	153	0
30	153	1
48	154	5
66	154	0
21	154	0
53	154	5
37	154	1
40	154	4
8	154	2
10	154	1
28	154	2
44	154	2
64	155	2
32	155	5
3	155	0
68	155	2
70	155	2
10	155	1
44	155	4
62	155	2
31	155	2
79	155	2
50	156	1
8	156	2
40	156	4
59	156	2
11	156	1
77	156	2
13	156	0
45	156	2
30	156	2
15	156	1
0	157	4
35	157	5
69	157	5
70	157	3
23	157	3
24	157	2
8	157	5
25	157	5
12	157	2
28	157	5
1	158	4
50	158	4
18	158	2
19	158	2
70	158	4
54	158	2
39	158	4
56	158	0
57	158	4
10	158	2
16	159	2
49	159	1
50	159	2
5	159	4
53	159	3
6	159	1
54	159	4
25	159	4
73	159	2
79	159	0
1	160	5
70	160	4
6	160	2
39	160	4
7	160	4
8	160	4
9	160	0
74	160	4
78	160	1
30	160	3
0	161	2
1	161	2
36	161	1
69	161	2
70	161	2
57	161	2
58	161	5
43	161	2
45	161	0
63	161	4
1	162	3
17	162	2
66	162	2
4	162	2
36	162	1
69	162	4
37	162	1
38	162	2
71	162	0
27	162	1
66	163	2
36	163	3
5	163	2
55	163	1
24	163	3
43	163	3
75	163	1
59	163	2
12	163	3
79	163	1
48	164	4
17	164	1
49	164	1
67	164	2
52	164	1
5	164	0
6	164	1
55	164	2
72	164	1
29	164	0
64	165	1
49	165	1
66	165	2
50	165	2
38	165	2
24	165	4
73	165	2
41	165	2
43	165	2
47	165	1
3	166	2
35	166	1
37	166	4
10	166	1
42	166	5
43	166	4
27	166	2
60	166	1
44	166	3
13	166	4
65	167	1
1	167	2
34	167	2
67	167	1
51	167	2
52	167	0
26	167	2
43	167	1
61	167	2
31	167	3
0	168	2
49	168	4
33	168	2
35	168	0
52	168	1
55	168	2
24	168	3
27	168	2
59	168	2
44	168	2
32	169	0
1	169	4
66	169	2
67	169	5
20	169	1
5	169	4
10	169	0
43	169	3
79	169	4
31	169	2
48	170	2
4	170	3
37	170	2
70	170	1
71	170	5
9	170	5
25	170	0
43	170	1
60	170	3
62	170	2
66	171	0
18	171	1
35	171	2
52	171	2
5	171	2
7	171	1
8	171	5
61	171	4
78	171	2
14	171	2
34	172	4
67	172	2
20	172	4
23	172	1
74	172	4
42	172	4
10	172	2
43	172	4
27	172	4
28	172	4
64	173	2
32	173	1
1	173	2
34	173	2
38	173	2
7	173	1
11	173	1
13	173	2
14	173	1
78	173	2
64	174	1
32	174	0
50	174	1
52	174	1
53	174	1
21	174	2
24	174	2
72	174	1
30	174	5
15	174	5
64	175	2
4	175	0
52	175	1
70	175	2
39	175	4
24	175	3
57	175	4
9	175	2
42	175	2
30	175	1
65	176	1
50	176	2
19	176	0
23	176	1
57	176	2
10	176	3
43	176	2
76	176	1
12	176	1
44	176	4
64	177	1
33	177	2
66	177	3
36	177	0
69	177	2
9	177	2
59	177	2
12	177	1
30	177	2
79	177	4
64	178	0
19	178	2
8	178	2
41	178	2
57	178	2
74	178	0
26	178	2
12	178	1
76	178	3
15	178	5
0	179	1
49	179	1
1	179	1
37	179	3
56	179	1
10	179	2
76	179	5
13	179	2
29	179	5
79	179	5
67	180	3
19	180	3
4	180	2
38	180	5
71	180	5
41	180	1
43	180	3
28	180	2
61	180	2
79	180	5
33	181	1
34	181	4
18	181	2
2	181	2
20	181	4
26	181	4
11	181	1
29	181	5
62	181	4
78	181	1
32	182	2
17	182	1
49	182	2
22	182	1
39	182	2
71	182	5
40	182	3
42	182	2
28	182	4
29	182	2
17	183	2
70	183	2
38	183	2
58	183	2
43	183	5
44	183	4
76	183	4
45	183	1
14	183	1
79	183	2
49	184	2
34	184	2
35	184	2
20	184	2
21	184	4
22	184	0
27	184	2
61	184	5
77	184	3
62	184	3
17	185	2
49	185	4
69	185	2
53	185	1
5	185	2
6	185	3
24	185	1
56	185	1
58	185	2
43	185	2
0	186	1
50	186	2
3	186	1
51	186	3
6	186	1
56	186	5
42	186	2
27	186	1
62	186	5
31	186	1
33	187	2
1	187	2
34	187	2
21	187	2
45	187	2
29	187	1
13	187	1
78	187	2
31	187	2
47	187	3
0	188	2
16	188	2
36	188	0
71	188	0
39	188	0
72	188	0
58	188	0
28	188	0
61	188	0
62	188	0
50	189	5
52	189	2
36	189	2
5	189	3
43	189	5
12	189	2
61	189	0
13	189	0
47	189	0
15	189	5
49	190	4
1	190	2
17	190	2
19	190	3
37	190	3
70	190	2
72	190	1
8	190	3
43	190	1
63	190	1
65	191	4
1	191	2
3	191	5
6	191	4
8	191	4
59	191	4
43	191	4
60	191	2
61	191	2
46	191	2
16	192	2
66	192	1
35	192	2
54	192	2
56	192	1
72	192	1
58	192	2
11	192	5
27	192	1
30	192	3
17	193	2
35	193	3
68	193	3
71	193	4
55	193	1
9	193	4
11	193	2
46	193	5
63	193	0
79	193	2
50	194	0
35	194	4
51	194	0
52	194	3
69	194	5
71	194	4
56	194	1
25	194	2
57	194	2
63	194	2
0	195	5
67	195	2
36	195	2
68	195	3
41	195	2
73	195	2
10	195	5
42	195	4
78	195	2
79	195	2
33	196	5
36	196	2
21	196	1
9	196	1
25	196	2
57	196	2
59	196	2
28	196	4
46	196	1
15	196	3
48	197	2
0	197	5
34	197	2
70	197	2
55	197	5
43	197	1
61	197	4
14	197	4
78	197	0
30	197	0
4	198	1
68	198	1
20	198	2
37	198	4
6	198	1
73	198	2
9	198	2
26	198	2
59	198	1
29	198	2
18	199	1
67	199	2
36	199	2
21	199	4
38	199	2
72	199	1
76	199	2
13	199	1
61	199	2
14	199	1
17	200	5
66	200	2
37	200	1
5	200	2
22	200	1
8	200	3
57	200	2
13	200	1
63	200	2
31	200	0
4	201	1
36	201	1
37	201	2
54	201	2
39	201	4
26	201	2
58	201	2
59	201	1
63	201	2
31	201	2
32	202	2
37	202	5
7	202	2
24	202	1
8	202	2
40	202	4
41	202	1
46	202	2
30	202	2
47	202	1
32	203	0
18	203	1
68	203	2
21	203	2
38	203	2
71	203	4
39	203	5
26	203	2
61	203	0
78	203	4
1	204	4
18	204	4
35	204	5
54	204	1
39	204	3
72	204	1
74	204	2
45	204	1
78	204	2
31	204	5
32	205	1
0	205	3
20	205	2
22	205	1
73	205	2
10	205	1
58	205	2
77	205	2
31	205	2
15	205	5
51	206	1
68	206	5
21	206	2
40	206	1
56	206	1
43	206	2
28	206	2
29	206	1
15	206	2
47	206	2
3	207	2
68	207	2
56	207	5
40	207	4
74	207	5
59	207	2
60	207	1
45	207	5
63	207	5
31	207	3
1	208	3
34	208	2
51	208	1
5	208	4
23	208	5
40	208	4
9	208	3
75	208	4
12	208	1
63	208	1
33	209	5
66	209	1
40	209	4
58	209	3
11	209	2
59	209	2
44	209	2
76	209	5
61	209	0
31	209	1
1	210	4
4	210	2
22	210	0
40	210	1
73	210	2
9	210	1
42	210	2
78	210	2
15	210	3
47	210	1
16	211	1
36	211	2
54	211	2
72	211	4
25	211	3
11	211	1
59	211	2
45	211	2
15	211	2
63	211	0
48	212	2
68	212	1
5	212	4
22	212	2
23	212	3
43	212	2
75	212	2
29	212	2
78	212	2
31	212	1
32	213	4
53	213	3
24	213	1
40	213	1
73	213	1
57	213	1
42	213	2
43	213	2
30	213	5
15	213	1
18	214	1
56	214	2
72	214	3
73	214	2
26	214	2
44	214	2
45	214	1
62	214	1
30	214	2
15	214	2
66	215	2
21	215	2
37	215	1
38	215	2
10	215	2
75	215	2
60	215	1
28	215	2
45	215	1
30	215	4
0	216	2
49	216	4
33	216	2
34	216	2
3	216	1
52	216	5
8	216	2
73	216	2
59	216	1
15	216	2
33	217	0
66	217	2
51	217	5
23	217	1
9	217	2
74	217	2
43	217	5
60	217	5
62	217	4
79	217	3
64	218	1
32	218	3
18	218	1
66	218	4
4	218	1
22	218	5
28	218	1
77	218	0
78	218	1
14	218	5
64	219	0
0	219	2
66	219	2
6	219	2
22	219	1
25	219	1
10	219	1
75	219	2
76	219	0
77	219	0
35	220	1
21	220	1
54	220	3
38	220	1
23	220	2
73	220	2
59	220	2
28	220	2
61	220	3
78	220	2
64	221	2
3	221	2
24	221	4
58	221	2
75	221	1
76	221	2
78	221	1
31	221	1
15	221	2
47	221	5
18	222	2
67	222	1
36	222	4
68	222	1
20	222	1
70	222	1
41	222	1
11	222	1
13	222	2
14	222	3
0	223	2
2	223	1
73	223	2
11	223	2
28	223	2
45	223	1
30	223	2
46	223	4
14	223	0
63	223	1
0	224	1
49	224	1
17	224	1
34	224	2
22	224	1
23	224	1
8	224	1
40	224	4
44	224	1
30	224	3
34	225	2
50	225	2
6	225	1
39	225	2
71	225	2
55	225	2
25	225	1
59	225	2
15	225	2
79	225	2
48	226	1
65	226	2
19	226	3
53	226	0
55	226	1
12	226	3
77	226	5
29	226	1
61	226	2
62	226	2
64	227	1
51	227	1
3	227	1
52	227	2
68	227	1
53	227	2
54	227	1
6	227	1
14	227	1
15	227	0
66	228	5
5	228	2
70	228	2
71	228	2
56	228	1
40	228	0
73	228	2
28	228	2
60	228	5
44	228	1
67	229	2
36	229	2
55	229	1
71	229	2
56	229	2
40	229	0
10	229	5
76	229	2
46	229	3
14	229	1
48	230	2
16	230	1
1	230	4
2	230	2
37	230	1
23	230	2
41	230	2
58	230	2
75	230	2
76	230	2
33	231	3
4	231	2
36	231	3
5	231	2
54	231	2
28	231	3
77	231	2
14	231	1
79	231	2
15	231	3
50	232	2
67	232	2
68	232	3
54	232	5
55	232	1
27	232	2
60	232	3
44	232	5
45	232	1
47	232	2
0	233	3
1	233	2
50	233	4
21	233	4
55	233	0
72	233	5
73	233	1
10	233	5
58	233	4
13	233	2
66	234	5
50	234	4
67	234	2
51	234	1
4	234	4
69	234	4
53	234	4
70	234	1
11	234	5
60	234	4
17	235	2
67	235	2
4	235	5
37	235	1
69	235	2
57	235	1
26	235	1
28	235	2
13	235	0
61	235	1
49	236	5
1	236	2
18	236	1
67	236	2
21	236	1
54	236	1
70	236	1
23	236	2
72	236	1
11	236	2
16	237	2
2	237	2
9	237	2
58	237	2
42	237	2
12	237	2
13	237	1
78	237	2
30	237	4
14	237	5
64	238	1
17	238	4
38	238	4
71	238	1
55	238	0
9	238	1
41	238	4
26	238	4
76	238	3
14	238	4
48	239	2
1	239	1
66	239	5
67	239	2
35	239	2
20	239	2
4	239	1
28	239	1
77	239	4
63	239	5
64	240	2
1	240	5
17	240	2
68	240	0
4	240	0
53	240	1
39	240	2
23	240	2
26	240	1
47	240	2
64	241	1
1	241	2
53	241	1
6	241	2
70	241	2
71	241	2
7	241	1
40	241	5
72	241	1
73	241	4
0	242	4
16	242	0
34	242	2
23	242	3
39	242	1
7	242	3
8	242	2
72	242	1
73	242	2
78	242	2
16	243	1
66	243	1
35	243	1
8	243	2
42	243	2
26	243	2
43	243	2
60	243	1
77	243	1
13	243	2
65	244	2
50	244	2
67	244	2
53	244	1
5	244	2
8	244	1
27	244	1
13	244	2
61	244	2
79	244	2
0	245	0
33	245	3
66	245	2
3	245	3
37	245	1
53	245	5
70	245	2
73	245	2
26	245	2
31	245	2
17	246	1
70	246	3
23	246	4
74	246	1
42	246	1
58	246	1
12	246	2
61	246	1
45	246	5
30	246	1
48	247	1
49	247	3
67	247	1
51	247	0
52	247	0
42	247	2
59	247	2
44	247	0
12	247	0
30	247	4
48	248	0
16	248	3
50	248	4
7	248	1
40	248	2
74	248	2
29	248	2
14	248	5
46	248	3
63	248	2
67	249	4
19	249	1
53	249	1
39	249	2
56	249	5
26	249	2
27	249	4
59	249	2
60	249	1
76	249	1
50	250	2
2	250	2
22	250	1
56	250	4
8	250	2
73	250	2
57	250	5
10	250	1
75	250	2
79	250	2
17	251	2
65	251	2
34	251	5
2	251	2
38	251	2
8	251	2
57	251	2
10	251	2
13	251	1
46	251	1
2	252	2
51	252	2
3	252	2
52	252	2
36	252	1
41	252	2
42	252	2
59	252	2
45	252	2
47	252	2
1	253	2
18	253	0
51	253	1
5	253	2
7	253	2
58	253	2
76	253	2
45	253	2
14	253	5
15	253	3
33	254	5
50	254	1
69	254	2
38	254	2
7	254	5
41	254	2
58	254	2
12	254	3
13	254	1
29	254	1
65	255	2
49	255	0
34	255	2
21	255	5
5	255	2
38	255	2
25	255	2
11	255	5
76	255	5
13	255	5
18	256	3
19	256	2
67	256	0
68	256	4
22	256	1
24	256	1
56	256	3
9	256	1
27	256	1
62	256	2
66	257	5
3	257	0
37	257	2
71	257	2
72	257	2
42	257	4
60	257	2
45	257	1
47	257	2
31	257	5
66	258	2
51	258	2
36	258	2
4	258	4
53	258	2
39	258	4
41	258	0
14	258	2
79	258	3
15	258	2
65	259	2
66	259	2
34	259	2
6	259	3
58	259	2
75	259	2
61	259	2
45	259	2
62	259	2
47	259	0
49	260	3
50	260	2
36	260	5
68	260	0
4	260	1
52	260	1
53	260	4
71	260	1
61	260	1
30	260	2
34	261	1
19	261	2
67	261	1
68	261	1
58	261	1
75	261	1
12	261	1
13	261	2
78	261	3
46	261	2
66	262	4
19	262	1
52	262	1
20	262	1
22	262	1
57	262	5
26	262	1
42	262	1
27	262	2
47	262	1
50	263	2
2	263	0
36	263	2
4	263	2
54	263	1
6	263	2
75	263	3
44	263	1
45	263	2
46	263	5
16	264	1
1	264	3
2	264	4
57	264	2
58	264	5
74	264	2
59	264	2
44	264	1
61	264	2
13	264	0
32	265	1
64	265	0
1	265	4
17	265	4
65	265	4
34	265	2
70	265	2
9	265	4
59	265	4
13	265	2
33	266	1
21	266	1
37	266	4
6	266	5
7	266	2
56	266	0
75	266	2
27	266	2
12	266	1
79	266	2
17	267	5
2	267	0
35	267	5
70	267	2
71	267	5
24	267	2
41	267	4
26	267	5
30	267	2
15	267	4
35	268	2
20	268	2
52	268	4
5	268	2
6	268	2
9	268	4
74	268	2
10	268	1
77	268	2
14	268	2
2	269	2
51	269	5
38	269	2
71	269	4
73	269	1
26	269	1
11	269	2
75	269	2
61	269	2
46	269	5
64	270	0
48	270	2
33	270	2
68	270	1
72	270	2
25	270	2
74	270	2
26	270	2
76	270	0
79	270	2
1	271	0
51	271	5
22	271	2
9	271	4
57	271	1
41	271	2
26	271	2
12	271	1
30	271	1
63	271	2
33	272	2
50	272	2
52	272	0
39	272	2
8	272	4
25	272	1
57	272	2
74	272	2
45	272	4
13	272	1
2	273	4
18	273	1
50	273	2
35	273	2
25	273	2
43	273	1
27	273	2
60	273	1
12	273	1
76	273	0
35	274	0
51	274	1
36	274	1
69	274	4
37	274	2
60	274	1
77	274	2
78	274	2
63	274	2
15	274	2
1	275	4
17	275	5
36	275	0
70	275	4
28	275	4
44	275	2
45	275	3
79	275	1
47	275	1
31	275	1
33	276	0
49	276	4
66	276	0
37	276	2
7	276	2
74	276	2
60	276	2
14	276	5
78	276	1
15	276	1
16	277	4
34	277	1
22	277	1
39	277	2
41	277	0
57	277	2
10	277	1
60	277	2
13	277	0
78	277	2
18	278	0
2	278	0
20	278	4
54	278	0
71	278	0
55	278	5
73	278	0
42	278	0
26	278	0
59	278	5
16	279	2
33	279	2
34	279	1
67	279	2
52	279	1
54	279	1
55	279	2
43	279	1
14	279	0
47	279	5
65	280	2
20	280	2
52	280	4
5	280	2
41	280	2
26	280	2
76	280	2
77	280	2
61	280	2
31	280	1
64	281	1
16	281	1
65	281	0
19	281	4
21	281	1
38	281	1
39	281	1
11	281	3
27	281	1
29	281	3
35	282	0
39	282	2
42	282	3
58	282	1
12	282	3
61	282	1
45	282	1
46	282	5
78	282	2
47	282	4
17	283	1
66	283	4
68	283	1
72	283	3
73	283	1
41	283	1
44	283	3
28	283	1
78	283	1
46	283	2
16	284	2
50	284	2
52	284	1
8	284	2
41	284	5
74	284	2
27	284	5
61	284	1
77	284	2
62	284	2
65	285	1
33	285	2
34	285	1
69	285	2
22	285	2
38	285	2
6	285	5
41	285	2
46	285	1
15	285	2
49	286	3
21	286	2
38	286	1
54	286	5
55	286	2
9	286	0
28	286	2
29	286	4
61	286	2
79	286	4
0	287	1
65	287	5
50	287	2
55	287	3
7	287	1
57	287	2
27	287	1
29	287	2
47	287	0
15	287	4
16	288	2
51	288	0
37	288	3
39	288	0
57	288	0
12	288	0
77	288	5
29	288	0
31	288	3
47	288	0
66	289	0
36	289	2
37	289	1
55	289	2
23	289	1
42	289	2
74	289	2
44	289	2
29	289	2
15	289	2
65	290	2
2	290	2
37	290	1
5	290	2
10	290	1
44	290	5
61	290	2
13	290	0
14	290	2
63	290	2
33	291	1
50	291	1
5	291	3
41	291	2
42	291	1
11	291	1
43	291	2
61	291	5
77	291	1
15	291	1
64	292	0
67	292	0
3	292	1
68	292	3
69	292	2
5	292	2
72	292	2
12	292	1
78	292	3
63	292	4
49	293	1
33	293	2
18	293	1
2	293	2
68	293	3
36	293	2
22	293	1
9	293	1
14	293	2
63	293	4
50	294	5
22	294	1
54	294	0
40	294	3
72	294	3
42	294	2
44	294	2
60	294	3
29	294	0
61	294	2
0	295	2
49	295	3
34	295	1
20	295	2
5	295	2
53	295	4
55	295	1
57	295	1
26	295	1
60	295	0
21	296	1
6	296	1
24	296	2
58	296	1
75	296	0
11	296	1
29	296	2
78	296	1
15	296	1
63	296	1
65	297	4
52	297	3
21	297	0
22	297	5
23	297	4
39	297	4
72	297	1
56	297	2
42	297	4
28	297	4
48	298	1
16	298	5
0	298	5
4	298	2
53	298	1
23	298	3
8	298	2
58	298	2
45	298	1
29	298	5
64	299	2
0	299	2
65	299	2
33	299	2
4	299	5
7	299	1
39	299	1
72	299	2
74	299	2
29	299	4
0	300	2
32	300	0
2	300	2
50	300	2
5	300	2
70	300	2
73	300	5
74	300	2
43	300	2
59	300	2
16	301	2
66	301	2
6	301	5
54	301	1
71	301	4
25	301	1
43	301	4
59	301	5
44	301	2
13	301	1
49	302	1
33	302	1
68	302	1
69	302	1
7	302	5
9	302	1
42	302	5
13	302	0
62	302	1
15	302	1
32	303	5
50	303	1
35	303	1
53	303	3
39	303	1
25	303	3
28	303	1
45	303	1
13	303	1
78	303	1
2	304	2
51	304	1
69	304	2
71	304	5
41	304	2
12	304	2
76	304	3
60	304	1
77	304	1
30	304	3
32	305	1
19	305	1
52	305	0
38	305	2
70	305	2
6	305	1
45	305	1
61	305	2
79	305	2
15	305	3
1	306	2
50	306	2
67	306	2
19	306	3
36	306	2
5	306	2
23	306	3
75	306	1
60	306	0
61	306	2
17	307	2
66	307	2
72	307	1
9	307	2
42	307	2
58	307	3
59	307	5
29	307	5
14	307	3
15	307	1
32	308	1
67	308	3
3	308	1
52	308	2
38	308	1
40	308	1
58	308	2
11	308	1
77	308	2
79	308	2
32	309	1
48	309	1
33	309	4
5	309	1
22	309	1
39	309	1
23	309	1
9	309	1
43	309	1
79	309	1
64	310	0
34	310	0
19	310	1
4	310	1
55	310	2
75	310	5
44	310	1
13	310	3
62	310	2
63	310	1
33	311	2
18	311	5
3	311	2
19	311	0
22	311	2
39	311	2
71	311	2
23	311	2
46	311	1
78	311	2
33	312	2
50	312	2
68	312	3
21	312	0
69	312	2
40	312	4
73	312	2
74	312	1
60	312	0
76	312	1
0	313	1
67	313	2
3	313	1
20	313	2
71	313	2
75	313	2
28	313	3
45	313	0
14	313	0
31	313	1
64	314	1
17	314	5
68	314	2
38	314	2
70	314	2
72	314	2
57	314	2
27	314	2
28	314	2
29	314	0
65	315	0
34	315	2
20	315	2
7	315	0
56	315	1
73	315	2
27	315	2
45	315	1
78	315	2
31	315	1
64	316	2
16	316	2
69	316	1
54	316	2
7	316	2
56	316	0
57	316	2
59	316	2
13	316	2
31	316	2
0	317	1
48	317	0
67	317	4
51	317	1
4	317	2
11	317	0
12	317	0
44	317	1
45	317	1
47	317	2
1	318	0
51	318	2
67	318	1
56	318	1
24	318	1
74	318	1
58	318	5
27	318	1
78	318	3
47	318	4
0	319	1
48	319	5
2	319	1
35	319	2
5	319	4
21	319	5
53	319	4
6	319	2
45	319	1
31	319	0
64	320	2
1	320	2
17	320	2
66	320	1
20	320	2
71	320	1
57	320	2
27	320	1
45	320	3
47	320	3
0	321	0
16	321	2
49	321	1
19	321	5
70	321	5
39	321	2
11	321	1
43	321	3
60	321	4
45	321	5
64	322	3
32	322	2
67	322	2
20	322	2
21	322	5
38	322	2
42	322	5
44	322	2
46	322	1
15	322	1
1	323	2
68	323	2
52	323	5
40	323	4
8	323	4
41	323	4
25	323	2
42	323	2
77	323	0
61	323	4
0	324	4
2	324	2
3	324	4
55	324	2
39	324	2
23	324	1
56	324	2
26	324	2
61	324	2
46	324	4
66	325	1
69	325	1
53	325	5
38	325	2
72	325	1
10	325	3
42	325	2
43	325	2
60	325	1
14	325	2
1	326	2
51	326	2
4	326	2
53	326	2
70	326	2
23	326	3
25	326	2
44	326	2
77	326	2
15	326	1
36	327	2
5	327	2
6	327	1
71	327	2
72	327	1
73	327	2
58	327	2
43	327	2
30	327	3
78	327	3
48	328	5
1	328	1
38	328	2
39	328	2
72	328	1
42	328	2
44	328	1
13	328	2
78	328	2
63	328	2
18	329	0
34	329	1
67	329	2
19	329	5
72	329	1
25	329	2
9	329	2
74	329	2
75	329	2
60	329	1
49	330	2
17	330	3
18	330	4
21	330	0
38	330	5
39	330	1
9	330	5
74	330	5
28	330	5
30	330	2
32	331	5
64	331	2
1	331	3
35	331	2
37	331	2
40	331	1
25	331	4
59	331	3
11	331	1
76	331	1
48	332	2
16	332	2
49	332	0
34	332	4
6	332	2
58	332	1
26	332	2
76	332	3
79	332	2
31	332	1
0	333	4
48	333	2
69	333	4
57	333	1
27	333	2
75	333	2
12	333	0
45	333	1
46	333	2
63	333	4
64	334	2
49	334	1
18	334	0
68	334	5
52	334	3
54	334	5
7	334	2
56	334	5
25	334	2
61	334	2
69	335	5
72	335	2
24	335	2
73	335	5
9	335	5
26	335	5
75	335	5
44	335	5
29	335	2
77	335	2
65	336	5
34	336	4
52	336	0
69	336	2
21	336	1
6	336	3
57	336	2
10	336	2
12	336	2
47	336	1
0	337	1
68	337	2
4	337	2
5	337	2
53	337	5
39	337	2
8	337	2
75	337	1
45	337	1
14	337	2
64	338	2
17	338	2
1	338	2
3	338	1
68	338	5
38	338	2
7	338	0
8	338	2
43	338	5
59	338	1
18	339	5
67	339	1
4	339	2
20	339	2
53	339	1
54	339	1
8	339	2
61	339	4
30	339	2
14	339	0
64	340	5
33	340	2
66	340	0
2	340	2
37	340	1
69	340	2
21	340	2
60	340	4
30	340	4
15	340	1
16	341	0
51	341	2
4	341	0
24	341	4
73	341	0
9	341	3
58	341	0
12	341	1
28	341	0
31	341	1
65	342	2
68	342	4
20	342	2
43	342	0
11	342	1
60	342	0
61	342	0
30	342	2
79	342	1
47	342	2
0	343	2
65	343	1
66	343	2
36	343	2
54	343	3
6	343	5
56	343	1
12	343	1
14	343	2
47	343	2
48	344	3
52	344	0
54	344	5
24	344	1
8	344	2
56	344	4
25	344	1
58	344	2
11	344	1
78	344	2
0	345	5
18	345	1
67	345	3
54	345	2
72	345	0
40	345	1
73	345	2
27	345	2
30	345	1
15	345	2
32	346	2
33	346	1
17	346	4
1	346	4
18	346	1
19	346	0
4	346	2
24	346	1
42	346	2
75	346	2
50	347	2
19	347	2
3	347	1
69	347	2
21	347	1
38	347	2
71	347	1
7	347	0
42	347	2
62	347	2
0	348	2
1	348	1
65	348	2
69	348	2
37	348	1
7	348	1
55	348	2
73	348	2
9	348	3
11	348	1
0	349	2
34	349	1
4	349	1
5	349	2
8	349	2
40	349	1
25	349	2
43	349	0
28	349	2
45	349	0
33	350	2
18	350	2
51	350	1
52	350	1
24	350	1
44	350	5
77	350	5
29	350	1
78	350	2
47	350	4
16	351	1
48	351	2
17	351	2
2	351	2
6	351	2
8	351	2
26	351	2
44	351	2
77	351	0
47	351	2
32	352	1
2	352	4
68	352	1
6	352	1
39	352	1
23	352	0
72	352	1
57	352	1
43	352	1
46	352	1
18	353	2
68	353	0
21	353	4
6	353	3
55	353	4
8	353	4
75	353	5
11	353	3
13	353	2
47	353	1
32	354	4
34	354	2
37	354	3
7	354	1
23	354	1
71	354	2
39	354	2
74	354	1
58	354	2
79	354	2
0	355	2
64	355	1
2	355	1
52	355	2
6	355	1
71	355	1
61	355	1
78	355	0
46	355	1
30	355	1
48	356	3
66	356	2
69	356	1
39	356	2
57	356	1
25	356	2
74	356	2
43	356	2
30	356	5
46	356	3
17	357	2
2	357	0
35	357	2
37	357	0
40	357	1
24	357	5
73	357	4
9	357	2
79	357	2
63	357	1
18	358	1
67	358	5
52	358	2
55	358	2
39	358	0
41	358	5
11	358	3
77	358	4
13	358	1
14	358	2
49	359	1
66	359	0
23	359	2
40	359	1
26	359	2
74	359	2
44	359	2
61	359	1
31	359	2
15	359	2
17	360	5
51	360	2
20	360	5
54	360	3
75	360	3
12	360	2
76	360	2
30	360	3
62	360	5
31	360	2
32	361	3
66	361	2
23	361	2
73	361	2
74	361	1
75	361	2
59	361	2
11	361	3
27	361	2
77	361	1
65	362	2
19	362	5
36	362	3
53	362	1
70	362	2
55	362	1
25	362	2
11	362	2
43	362	2
61	362	1
49	363	2
66	363	2
36	363	0
68	363	2
7	363	1
73	363	2
41	363	2
13	363	1
77	363	4
79	363	2
65	364	0
2	364	0
8	364	0
72	364	4
25	364	0
74	364	4
27	364	0
13	364	0
79	364	0
31	364	2
16	365	2
33	365	2
3	365	5
55	365	4
58	365	2
10	365	0
60	365	1
77	365	1
14	365	3
78	365	2
17	366	5
50	366	5
66	366	0
68	366	2
36	366	1
69	366	5
41	366	5
74	366	4
76	366	0
78	366	5
16	367	2
67	367	5
6	367	4
73	367	2
58	367	3
42	367	2
75	367	2
78	367	2
15	367	4
47	367	4
1	368	2
49	368	1
66	368	2
52	368	2
70	368	0
55	368	4
25	368	3
75	368	2
28	368	2
30	368	1
7	369	1
8	369	4
10	369	2
26	369	1
58	369	3
43	369	4
13	369	4
77	369	2
47	369	0
31	369	2
16	370	2
64	370	1
17	370	4
67	370	2
35	370	2
36	370	2
24	370	2
42	370	2
77	370	4
30	370	2
49	371	2
65	371	5
18	371	2
68	371	2
72	371	1
56	371	3
45	371	4
29	371	5
31	371	1
15	371	2
0	372	2
65	372	2
70	372	0
38	372	1
72	372	0
9	372	2
26	372	2
43	372	2
11	372	2
47	372	1
17	373	2
18	373	2
51	373	2
67	373	4
36	373	4
52	373	2
53	373	0
25	373	4
46	373	3
62	373	4
49	374	2
65	374	1
50	374	1
51	374	1
52	374	3
38	374	1
75	374	1
27	374	1
76	374	1
77	374	1
49	375	1
1	375	1
36	375	1
70	375	1
71	375	4
56	375	4
25	375	1
27	375	1
12	375	2
62	375	1
0	376	2
32	376	1
1	376	4
20	376	2
38	376	2
73	376	2
57	376	2
12	376	3
29	376	1
46	376	0
65	377	2
6	377	2
22	377	2
10	377	4
58	377	2
75	377	1
43	377	2
45	377	4
15	377	2
47	377	1
64	378	1
2	378	1
68	378	0
38	378	2
71	378	3
55	378	0
39	378	2
41	378	2
73	378	1
62	378	2
33	379	3
34	379	1
35	379	0
4	379	2
38	379	2
24	379	2
8	379	4
73	379	2
78	379	2
79	379	2
34	380	1
3	380	1
6	380	2
27	380	2
12	380	1
60	380	0
29	380	1
62	380	0
78	380	1
31	380	0
36	381	2
53	381	0
70	381	2
58	381	1
11	381	1
44	381	2
13	381	2
31	381	2
63	381	2
79	381	2
66	382	5
3	382	5
70	382	2
23	382	2
41	382	2
74	382	2
26	382	3
43	382	2
27	382	4
45	382	4
0	383	1
34	383	2
56	383	1
27	383	0
61	383	2
78	383	1
14	383	3
79	383	2
15	383	2
63	383	1
32	384	1
48	384	2
65	384	4
35	384	5
68	384	2
70	384	2
71	384	0
26	384	2
30	384	5
63	384	3
48	385	5
17	385	2
50	385	5
23	385	3
26	385	2
58	385	0
27	385	2
76	385	2
12	385	5
63	385	2
65	386	2
54	386	2
22	386	4
70	386	2
71	386	2
43	386	1
28	386	2
76	386	3
78	386	1
15	386	2
49	387	2
18	387	2
51	387	1
52	387	4
53	387	4
24	387	3
41	387	1
14	387	0
79	387	1
15	387	2
16	388	2
48	388	1
66	388	2
4	388	0
36	388	2
53	388	1
6	388	0
7	388	4
8	388	2
27	388	2
64	389	0
35	389	2
4	389	1
55	389	3
8	389	2
42	389	2
12	389	1
45	389	1
47	389	2
31	389	2
2	390	4
34	390	1
51	390	2
35	390	1
36	390	2
21	390	2
70	390	2
23	390	0
56	390	1
42	390	2
16	391	1
33	391	2
67	391	2
69	391	2
23	391	5
24	391	2
25	391	2
28	391	2
44	391	5
61	391	2
50	392	2
18	392	4
66	392	2
3	392	0
69	392	2
5	392	2
70	392	2
9	392	2
41	392	2
47	392	2
16	393	2
33	393	2
50	393	2
36	393	5
53	393	4
7	393	2
8	393	1
42	393	2
11	393	2
47	393	1
49	394	5
51	394	1
36	394	1
5	394	1
39	394	1
56	394	3
42	394	1
26	394	1
77	394	5
31	394	1
67	395	1
21	395	3
70	395	1
40	395	2
41	395	4
42	395	1
28	395	1
29	395	4
77	395	0
62	395	1
65	396	2
34	396	4
19	396	2
20	396	2
7	396	1
9	396	2
10	396	4
42	396	2
60	396	0
63	396	3
49	397	1
3	397	0
37	397	2
38	397	1
23	397	1
71	397	1
73	397	2
9	397	0
57	397	2
60	397	0
33	398	2
36	398	2
4	398	2
69	398	2
39	398	4
72	398	1
10	398	4
13	398	5
15	398	0
79	398	2
0	399	1
16	399	1
64	399	1
17	399	1
5	399	1
22	399	1
39	399	1
41	399	1
10	399	5
59	399	1
2	400	2
4	400	2
54	400	4
70	400	2
23	400	2
41	400	2
26	400	2
12	400	0
29	400	4
61	400	2
0	401	2
64	401	2
18	401	1
2	401	5
3	401	5
67	401	1
68	401	0
73	401	2
11	401	2
30	401	1
33	402	2
49	402	1
35	402	1
3	402	1
7	402	2
56	402	4
24	402	1
9	402	1
59	402	2
61	402	1
33	403	1
2	403	1
35	403	3
4	403	1
6	403	1
56	403	1
43	403	2
13	403	1
61	403	1
15	403	1
18	404	1
66	404	2
51	404	4
38	404	2
42	404	2
60	404	0
61	404	2
45	404	1
30	404	4
63	404	5
0	405	1
17	405	5
67	405	1
70	405	1
39	405	1
72	405	2
74	405	1
45	405	1
77	405	1
31	405	5
50	406	0
67	406	0
51	406	2
8	406	0
40	406	4
26	406	3
59	406	0
43	406	0
44	406	2
31	406	5
33	407	1
21	407	1
40	407	2
57	407	1
10	407	1
58	407	1
59	407	1
12	407	2
28	407	1
63	407	1
32	408	2
37	408	1
8	408	2
25	408	0
42	408	2
26	408	0
74	408	2
58	408	2
43	408	2
44	408	2
17	409	4
50	409	1
67	409	1
37	409	2
54	409	1
7	409	1
56	409	3
10	409	4
62	409	0
63	409	1
50	410	2
51	410	0
19	410	4
68	410	4
5	410	3
53	410	2
22	410	3
9	410	2
42	410	2
12	410	4
32	411	3
18	411	2
50	411	0
52	411	3
6	411	0
41	411	1
57	411	1
73	411	1
26	411	5
12	411	2
33	412	2
37	412	1
70	412	5
38	412	5
39	412	5
23	412	2
58	412	3
43	412	0
76	412	2
31	412	3
32	413	2
0	413	4
2	413	2
35	413	1
21	413	2
38	413	4
71	413	4
28	413	4
14	413	3
15	413	1
53	414	1
71	414	0
39	414	2
7	414	5
41	414	1
28	414	2
12	414	1
60	414	1
29	414	4
14	414	2
51	415	1
4	415	4
70	415	2
39	415	2
8	415	1
9	415	0
75	415	2
76	415	2
13	415	1
31	415	4
32	416	1
33	416	3
3	416	4
21	416	4
38	416	2
74	416	2
42	416	2
43	416	2
59	416	0
14	416	2
65	417	2
39	417	4
7	417	2
56	417	1
41	417	2
73	417	2
43	417	1
61	417	2
45	417	1
79	417	2
16	418	1
32	418	2
66	418	2
67	418	2
51	418	0
37	418	5
6	418	2
70	418	2
11	418	4
77	418	4
48	419	2
17	419	3
3	419	2
5	419	2
72	419	1
24	419	1
9	419	2
26	419	2
27	419	2
60	419	4
35	420	1
67	420	2
72	420	3
10	420	3
26	420	2
59	420	1
76	420	1
13	420	2
15	420	2
31	420	1
48	421	1
49	421	3
4	421	1
36	421	1
6	421	1
54	421	1
23	421	1
25	421	1
75	421	1
63	421	1
48	422	2
17	422	1
2	422	2
68	422	4
56	422	5
72	422	1
44	422	2
14	422	1
31	422	1
63	422	2
16	423	0
17	423	2
50	423	2
26	423	0
11	423	4
27	423	4
76	423	2
12	423	3
61	423	2
14	423	2
16	424	0
0	424	2
3	424	2
39	424	2
11	424	2
44	424	1
60	424	0
61	424	2
45	424	1
29	424	1
32	425	1
33	425	1
65	425	2
50	425	1
54	425	3
74	425	2
45	425	2
62	425	5
79	425	2
63	425	2
48	426	3
32	426	2
33	426	3
34	426	2
54	426	2
72	426	3
57	426	2
12	426	1
45	426	2
29	426	2
0	427	2
64	427	5
65	427	5
66	427	1
67	427	2
35	427	0
3	427	1
70	427	2
9	427	1
12	427	2
65	428	2
6	428	2
56	428	1
41	428	2
75	428	2
12	428	4
13	428	1
14	428	2
78	428	2
63	428	2
48	429	5
1	429	2
66	429	5
2	429	1
57	429	5
27	429	1
75	429	5
61	429	0
78	429	5
79	429	2
33	430	1
1	430	1
21	430	4
53	430	5
24	430	0
57	430	0
42	430	1
11	430	0
76	430	1
30	430	1
16	431	5
64	431	1
53	431	2
55	431	3
56	431	4
25	431	1
43	431	1
61	431	1
30	431	1
46	431	5
64	432	2
18	432	5
52	432	1
7	432	3
9	432	5
74	432	2
27	432	3
75	432	2
28	432	2
13	432	5
2	433	2
35	433	2
52	433	3
36	433	2
68	433	1
70	433	2
56	433	2
41	433	2
76	433	2
78	433	2
4	434	2
69	434	1
37	434	1
24	434	1
56	434	1
72	434	1
58	434	1
59	434	2
44	434	4
31	434	0
50	435	2
38	435	5
39	435	2
71	435	1
8	435	2
9	435	2
42	435	2
76	435	1
15	435	2
79	435	3
64	436	5
17	436	0
37	436	2
22	436	0
56	436	1
9	436	1
75	436	2
60	436	5
78	436	2
15	436	2
64	437	2
1	437	4
19	437	5
68	437	5
40	437	0
24	437	1
58	437	0
61	437	1
45	437	2
30	437	5
0	438	4
65	438	2
17	438	2
70	438	0
38	438	2
9	438	0
58	438	1
28	438	2
45	438	3
15	438	1
16	439	5
19	439	1
52	439	0
20	439	1
21	439	1
38	439	1
56	439	0
42	439	1
43	439	1
46	439	5
2	440	2
51	440	1
67	440	2
8	440	1
41	440	2
42	440	0
26	440	2
75	440	0
61	440	2
30	440	4
65	441	1
66	441	2
35	441	1
70	441	1
38	441	1
8	441	1
57	441	3
27	441	5
45	441	1
78	441	3
64	442	4
49	442	1
3	442	4
19	442	1
36	442	2
52	442	2
70	442	2
10	442	0
26	442	1
30	442	5
18	443	2
37	443	2
21	443	2
38	443	4
40	443	3
42	443	4
75	443	3
76	443	1
79	443	1
31	443	2
64	444	1
16	444	2
51	444	1
68	444	2
53	444	5
38	444	2
72	444	3
26	444	5
63	444	1
15	444	2
32	445	0
1	445	1
68	445	1
57	445	5
26	445	3
29	445	2
46	445	1
79	445	0
47	445	1
31	445	1
48	446	1
50	446	1
54	446	1
42	446	1
26	446	1
11	446	1
44	446	1
60	446	1
76	446	1
30	446	1
0	447	0
50	447	2
3	447	3
21	447	2
55	447	0
56	447	2
73	447	3
74	447	2
76	447	1
12	447	4
0	448	2
66	448	1
67	448	0
52	448	1
68	448	2
23	448	2
56	448	5
58	448	1
74	448	2
76	448	4
33	449	2
50	449	1
3	449	0
70	449	1
58	449	2
42	449	0
11	449	1
76	449	1
44	449	2
79	449	2
16	450	5
32	450	2
65	450	2
3	450	2
52	450	1
37	450	4
11	450	5
45	450	2
14	450	1
15	450	2
65	451	2
66	451	3
67	451	4
51	451	4
4	451	2
36	451	1
41	451	2
74	451	3
76	451	3
79	451	2
18	452	1
51	452	1
19	452	1
8	452	2
73	452	2
41	452	2
44	452	2
61	452	2
30	452	4
79	452	1
67	453	1
68	453	2
4	453	5
22	453	2
57	453	5
59	453	5
45	453	5
13	453	1
62	453	5
31	453	2
32	454	4
65	454	4
18	454	5
35	454	2
55	454	2
7	454	2
57	454	2
41	454	2
59	454	5
44	454	0
34	455	1
36	455	1
4	455	3
70	455	1
76	455	1
77	455	1
45	455	1
78	455	1
62	455	1
79	455	1
16	456	2
66	456	2
20	456	2
68	456	5
6	456	2
8	456	2
26	456	2
75	456	2
29	456	0
62	456	2
50	457	1
3	457	2
36	457	1
23	457	1
24	457	5
58	457	1
43	457	1
27	457	1
45	457	4
79	457	1
65	458	4
7	458	2
72	458	2
56	458	3
8	458	2
26	458	4
74	458	4
11	458	4
44	458	4
76	458	2
0	459	4
17	459	4
3	459	2
68	459	0
69	459	4
10	459	2
42	459	4
60	459	2
29	459	2
47	459	4
16	460	2
64	460	2
18	460	5
35	460	0
51	460	4
4	460	2
69	460	2
42	460	2
27	460	2
78	460	1
20	461	2
21	461	3
38	461	2
54	461	1
6	461	2
71	461	5
73	461	2
41	461	2
30	461	1
78	461	1
0	462	5
33	462	2
70	462	2
54	462	1
39	462	1
56	462	1
73	462	5
74	462	2
43	462	2
46	462	1
64	463	0
52	463	4
4	463	2
68	463	1
40	463	2
24	463	1
9	463	4
57	463	1
60	463	2
45	463	1
16	464	2
19	464	1
36	464	2
5	464	1
22	464	1
8	464	1
57	464	2
58	464	2
44	464	2
76	464	2
71	465	3
56	465	2
9	465	2
25	465	2
26	465	2
28	465	2
76	465	1
45	465	0
77	465	1
46	465	1
32	466	1
49	466	1
67	466	0
4	466	2
71	466	2
42	466	2
60	466	3
61	466	2
14	466	5
79	466	2
49	467	1
66	467	3
19	467	3
36	467	1
21	467	5
53	467	4
5	467	2
43	467	2
75	467	2
76	467	5
66	468	1
37	468	3
22	468	2
24	468	1
25	468	2
58	468	2
13	468	0
14	468	2
30	468	2
31	468	1
48	469	2
51	469	2
20	469	0
40	469	1
24	469	5
73	469	1
42	469	2
45	469	3
77	469	2
78	469	1
66	470	1
67	470	2
54	470	1
57	470	2
73	470	2
74	470	2
26	470	4
59	470	1
78	470	3
46	470	1
16	471	0
69	471	2
53	471	1
22	471	2
6	471	2
55	471	2
40	471	1
75	471	2
29	471	4
45	471	5
49	472	5
17	472	2
65	472	2
34	472	2
35	472	2
38	472	2
26	472	2
43	472	1
59	472	2
76	472	1
1	473	2
19	473	3
36	473	2
4	473	2
8	473	1
11	473	2
44	473	5
46	473	5
31	473	2
47	473	2
33	474	2
67	474	2
35	474	0
52	474	1
39	474	2
56	474	1
40	474	0
57	474	0
29	474	2
45	474	2
49	475	1
52	475	1
36	475	1
37	475	2
40	475	1
57	475	2
44	475	4
14	475	2
31	475	2
47	475	1
34	476	2
50	476	2
20	476	2
36	476	4
21	476	3
8	476	2
11	476	1
76	476	3
77	476	2
78	476	0
16	477	2
18	477	3
2	477	1
51	477	4
20	477	2
36	477	4
27	477	2
28	477	1
45	477	1
62	477	1
66	478	1
5	478	2
70	478	2
6	478	2
7	478	3
56	478	4
25	478	2
41	478	0
28	478	2
45	478	5
17	479	2
34	479	0
54	479	2
55	479	4
24	479	1
56	479	5
40	479	5
25	479	4
77	479	1
61	479	2
64	480	2
34	480	2
36	480	2
5	480	3
71	480	2
41	480	1
61	480	2
62	480	2
78	480	0
15	480	0
64	481	2
48	481	2
0	481	1
65	481	2
24	481	1
9	481	2
10	481	1
28	481	2
14	481	1
63	481	1
1	482	2
69	482	4
54	482	3
38	482	1
56	482	1
40	482	5
8	482	1
10	482	0
76	482	1
79	482	2
17	483	0
34	483	2
35	483	2
70	483	2
7	483	2
39	483	2
55	483	0
73	483	1
42	483	2
30	483	1
33	484	2
51	484	0
67	484	1
3	484	4
5	484	2
38	484	2
25	484	1
74	484	1
76	484	2
61	484	2
34	485	5
53	485	2
23	485	3
24	485	1
40	485	2
57	485	4
43	485	4
76	485	4
60	485	1
14	485	2
68	486	1
52	486	4
37	486	0
21	486	5
71	486	4
57	486	1
27	486	0
29	486	1
45	486	1
61	486	0
48	487	4
16	487	2
17	487	2
2	487	1
19	487	1
8	487	2
24	487	1
73	487	2
74	487	2
63	487	1
16	488	4
50	488	1
67	488	4
53	488	5
70	488	2
54	488	1
71	488	1
25	488	1
59	488	2
12	488	1
49	489	1
17	489	2
2	489	1
23	489	1
73	489	2
43	489	2
12	489	1
60	489	0
77	489	1
78	489	3
16	490	5
32	490	2
2	490	2
35	490	2
53	490	1
55	490	0
58	490	2
59	490	2
11	490	1
61	490	3
49	491	1
65	491	2
50	491	2
51	491	1
52	491	2
4	491	2
37	491	1
74	491	2
60	491	1
45	491	1
0	492	2
22	492	2
9	492	2
26	492	2
27	492	1
43	492	2
44	492	5
62	492	2
78	492	5
14	492	3
33	493	3
18	493	2
20	493	2
5	493	2
22	493	1
73	493	2
25	493	0
59	493	2
43	493	2
12	493	1
0	494	2
71	494	2
25	494	2
41	494	5
74	494	5
59	494	5
28	494	5
61	494	3
15	494	5
47	494	2
32	495	1
0	495	0
49	495	4
66	495	1
40	495	1
10	495	2
12	495	2
44	495	2
77	495	2
30	495	2
1	496	2
66	496	1
2	496	4
21	496	0
37	496	1
7	496	1
73	496	1
74	496	2
60	496	4
77	496	1
68	497	2
73	497	5
10	497	4
11	497	2
59	497	5
60	497	1
76	497	2
28	497	5
44	497	2
61	497	5
49	498	1
5	498	0
37	498	2
22	498	3
55	498	2
71	498	2
41	498	2
28	498	2
29	498	3
31	498	4
64	499	2
49	499	4
66	499	2
19	499	2
71	499	3
73	499	4
26	499	3
11	499	2
46	499	2
47	499	0
49	500	1
53	500	1
39	500	5
23	500	1
55	500	5
73	500	1
26	500	2
76	500	2
62	500	2
14	500	5
32	501	2
65	501	2
52	501	2
53	501	1
23	501	2
42	501	2
27	501	2
28	501	2
12	501	1
13	501	2
0	502	3
18	502	1
21	502	4
8	502	2
56	502	2
73	502	4
27	502	0
44	502	1
29	502	4
63	502	3
48	503	2
33	503	2
66	503	1
35	503	2
52	503	5
36	503	1
70	503	2
56	503	3
11	503	0
44	503	2
49	504	1
2	504	2
66	504	0
55	504	2
73	504	2
74	504	2
27	504	0
28	504	2
60	504	1
61	504	5
32	505	1
16	505	3
66	505	2
69	505	2
22	505	1
54	505	1
24	505	5
73	505	2
12	505	1
63	505	2
65	506	5
49	506	2
68	506	4
70	506	5
55	506	5
8	506	5
59	506	5
43	506	1
44	506	5
30	506	3
50	507	5
67	507	5
6	507	5
54	507	1
71	507	5
55	507	3
7	507	2
23	507	5
24	507	2
27	507	5
17	508	1
67	508	1
22	508	2
56	508	5
24	508	2
41	508	2
25	508	1
42	508	1
75	508	1
78	508	5
33	509	1
2	509	1
69	509	1
58	509	1
42	509	1
11	509	1
60	509	4
28	509	1
31	509	1
47	509	0
0	510	2
50	510	2
18	510	2
35	510	2
20	510	2
5	510	1
38	510	2
40	510	0
75	510	2
78	510	2
66	511	1
20	511	2
68	511	5
52	511	1
70	511	2
55	511	1
40	511	1
74	511	3
12	511	5
45	511	1
49	512	1
2	512	1
5	512	5
24	512	1
58	512	1
27	512	1
44	512	4
12	512	2
62	512	1
15	512	2
0	513	2
32	513	0
1	513	1
66	513	1
72	513	5
8	513	2
73	513	2
26	513	2
11	513	1
59	513	3
16	514	3
49	514	4
65	514	2
4	514	2
22	514	2
7	514	2
71	514	2
24	514	0
26	514	2
46	514	1
17	515	4
36	515	2
69	515	2
6	515	0
41	515	2
26	515	5
44	515	2
29	515	4
14	515	3
63	515	1
33	516	2
18	516	3
21	516	0
22	516	1
24	516	3
73	516	2
75	516	0
76	516	2
12	516	1
28	516	2
0	517	2
1	517	3
50	517	2
53	517	1
37	517	0
40	517	5
58	517	4
61	517	2
78	517	3
46	517	1
49	518	1
36	518	5
68	518	2
6	518	4
38	518	5
25	518	2
58	518	1
43	518	1
11	518	2
31	518	3
66	519	5
36	519	4
54	519	4
39	519	3
24	519	2
10	519	1
58	519	4
42	519	4
45	519	2
61	519	2
0	520	2
18	520	5
39	520	5
8	520	0
9	520	2
57	520	1
27	520	2
11	520	2
43	520	2
79	520	2
32	521	1
48	521	5
33	521	2
65	521	2
18	521	0
38	521	2
72	521	1
25	521	1
14	521	1
46	521	2
35	522	2
53	522	1
54	522	1
6	522	2
40	522	4
42	522	2
10	522	4
27	522	2
77	522	4
14	522	0
18	523	1
35	523	1
69	523	2
71	523	2
39	523	1
56	523	0
8	523	1
29	523	2
13	523	4
79	523	1
64	524	2
32	524	0
50	524	2
7	524	2
9	524	2
26	524	2
75	524	2
11	524	2
60	524	5
45	524	3
50	525	2
20	525	2
70	525	2
8	525	2
24	525	2
25	525	2
74	525	2
77	525	2
46	525	1
47	525	1
32	526	1
2	526	1
69	526	1
38	526	1
39	526	1
7	526	1
41	526	5
75	526	1
78	526	1
15	526	1
0	527	5
1	527	2
49	527	2
2	527	1
36	527	2
21	527	2
72	527	1
8	527	5
25	527	2
31	527	1
48	528	2
16	528	0
20	528	2
37	528	2
69	528	2
40	528	1
72	528	1
24	528	4
78	528	2
79	528	4
64	529	2
1	529	2
18	529	1
52	529	2
37	529	5
5	529	2
54	529	1
55	529	0
57	529	2
59	529	2
64	530	1
68	530	2
69	530	4
53	530	2
23	530	3
56	530	0
57	530	2
58	530	4
43	530	2
30	530	4
0	531	2
64	531	2
18	531	1
3	531	2
54	531	0
73	531	2
42	531	1
10	531	1
43	531	2
30	531	2
16	532	2
64	532	0
51	532	3
69	532	1
21	532	3
71	532	0
26	532	2
59	532	2
28	532	1
29	532	1
34	533	3
4	533	3
53	533	3
37	533	1
8	533	1
72	533	5
74	533	5
11	533	2
76	533	2
30	533	1
49	534	2
70	534	2
6	534	2
39	534	3
72	534	0
25	534	2
42	534	2
44	534	2
45	534	2
30	534	4
64	535	1
18	535	1
67	535	2
52	535	1
37	535	1
72	535	1
75	535	1
77	535	5
29	535	5
15	535	1
0	536	2
34	536	2
21	536	1
22	536	3
56	536	2
25	536	1
58	536	2
10	536	1
26	536	1
12	536	1
16	537	2
49	537	2
3	537	1
35	537	2
22	537	1
72	537	1
40	537	2
41	537	2
77	537	1
13	537	1
50	538	2
35	538	5
68	538	1
52	538	4
7	538	1
25	538	2
10	538	3
12	538	0
29	538	5
79	538	2
66	539	3
67	539	2
4	539	0
56	539	2
25	539	2
73	539	2
42	539	2
45	539	1
29	539	2
31	539	2
64	540	4
4	540	4
39	540	1
56	540	2
8	540	1
74	540	1
11	540	2
44	540	3
76	540	1
14	540	1
32	541	1
66	541	1
19	541	2
54	541	3
6	541	1
71	541	2
24	541	2
74	541	2
59	541	2
13	541	3
0	542	2
66	542	2
5	542	2
38	542	2
8	542	2
24	542	0
41	542	2
10	542	0
77	542	2
46	542	2
6	543	1
55	543	1
41	543	1
73	543	1
74	543	1
11	543	4
28	543	1
61	543	1
62	543	1
31	543	3
18	544	1
19	544	1
4	544	1
52	544	1
37	544	2
38	544	1
57	544	1
26	544	1
12	544	0
63	544	1
48	545	2
2	545	2
3	545	4
5	545	2
23	545	2
43	545	3
11	545	5
60	545	3
61	545	1
77	545	3
16	546	2
64	546	2
65	546	2
54	546	3
39	546	2
9	546	2
74	546	2
59	546	2
60	546	0
15	546	2
0	547	4
1	547	2
20	547	4
52	547	2
4	547	2
6	547	1
70	547	4
55	547	5
76	547	3
30	547	2
48	548	2
19	548	0
22	548	1
39	548	1
9	548	1
10	548	2
27	548	1
61	548	1
14	548	4
62	548	1
32	549	1
51	549	2
5	549	2
38	549	2
39	549	2
7	549	5
55	549	2
12	549	1
77	549	4
15	549	0
48	550	0
36	550	1
21	550	2
69	550	2
9	550	2
10	550	0
59	550	1
27	550	0
12	550	3
29	550	3
32	551	2
17	551	4
33	551	3
50	551	4
51	551	3
56	551	1
57	551	3
73	551	4
46	551	2
14	551	2
64	552	2
65	552	2
66	552	1
53	552	3
37	552	2
6	552	2
70	552	2
24	552	0
41	552	2
45	552	1
1	553	5
34	553	1
38	553	2
22	553	2
55	553	1
23	553	2
8	553	2
74	553	2
60	553	3
63	553	5
32	554	2
1	554	2
67	554	5
35	554	1
53	554	1
24	554	3
72	554	3
45	554	2
29	554	2
79	554	2
64	555	1
65	555	1
69	555	1
38	555	1
57	555	1
10	555	2
74	555	1
28	555	1
29	555	1
46	555	1
16	556	1
49	556	4
20	556	2
4	556	2
5	556	2
38	556	2
58	556	1
45	556	2
29	556	2
77	556	2
18	557	3
34	557	2
52	557	3
68	557	2
40	557	1
9	557	2
74	557	2
12	557	1
62	557	2
30	557	4
34	558	1
35	558	1
3	558	5
19	558	0
38	558	1
6	558	2
70	558	1
27	558	0
12	558	2
15	558	3
64	559	5
32	559	5
1	559	1
65	559	2
38	559	2
8	559	2
9	559	2
41	559	1
42	559	2
27	559	2
36	560	2
5	560	2
6	560	0
72	560	1
24	560	1
40	560	1
10	560	4
13	560	0
46	560	0
14	560	1
16	561	2
65	561	1
33	561	2
52	561	5
53	561	3
45	561	1
30	561	1
62	561	1
46	561	1
31	561	2
33	562	4
2	562	2
34	562	2
19	562	3
55	562	2
8	562	2
74	562	2
29	562	1
46	562	1
79	562	2
0	563	2
33	563	5
20	563	2
70	563	2
40	563	3
42	563	2
11	563	2
46	563	2
14	563	0
79	563	2
48	564	2
21	564	2
5	564	2
38	564	2
22	564	2
23	564	2
71	564	1
9	564	3
12	564	1
61	564	5
64	565	4
32	565	1
35	565	2
36	565	2
21	565	2
69	565	2
22	565	1
72	565	1
26	565	4
75	565	2
0	566	1
16	566	2
23	566	2
56	566	1
8	566	2
41	566	2
28	566	2
62	566	2
14	566	1
63	566	2
32	567	2
48	567	2
34	567	2
19	567	2
39	567	4
8	567	4
11	567	2
44	567	2
79	567	4
47	567	4
64	568	1
17	568	2
65	568	5
52	568	0
21	568	2
7	568	1
9	568	1
74	568	2
77	568	2
78	568	2
51	569	1
4	569	1
38	569	2
8	569	2
10	569	5
11	569	1
60	569	3
61	569	5
78	569	1
31	569	2
49	570	2
65	570	1
37	570	1
5	570	2
24	570	1
72	570	1
57	570	2
11	570	1
12	570	5
62	570	1
49	571	4
22	571	1
23	571	1
39	571	1
41	571	3
28	571	1
14	571	0
30	571	1
47	571	1
79	571	1
19	572	1
52	572	2
6	572	1
39	572	1
9	572	2
41	572	2
58	572	2
26	572	2
59	572	1
61	572	1
32	573	1
1	573	2
51	573	2
71	573	2
7	573	2
40	573	2
58	573	1
28	573	1
61	573	1
30	573	0
32	574	3
48	574	2
49	574	0
4	574	2
52	574	1
57	574	4
74	574	2
43	574	3
76	574	0
78	574	2
16	575	2
64	575	5
20	575	1
22	575	5
54	575	5
73	575	2
25	575	4
58	575	1
75	575	1
47	575	4
2	576	2
67	576	5
51	576	1
52	576	5
4	576	2
71	576	1
76	576	0
12	576	2
45	576	1
63	576	3
16	577	1
17	577	2
3	577	2
4	577	1
5	577	2
21	577	5
6	577	4
10	577	2
13	577	2
46	577	2
64	578	1
16	578	4
1	578	2
67	578	2
68	578	2
26	578	5
12	578	4
77	578	1
30	578	2
79	578	2
50	579	2
68	579	1
53	579	4
40	579	5
56	579	2
25	579	5
41	579	3
60	579	1
76	579	1
63	579	1
16	580	0
32	580	1
2	580	2
51	580	3
38	580	2
72	580	5
41	580	4
75	580	2
59	580	5
79	580	2
48	581	2
65	581	2
34	581	2
66	581	4
59	581	1
60	581	2
12	581	1
61	581	2
77	581	2
30	581	0
2	582	1
18	582	3
52	582	3
55	582	2
72	582	1
57	582	2
26	582	2
43	582	2
76	582	4
15	582	2
0	583	2
49	583	2
33	583	1
5	583	2
7	583	4
8	583	2
74	583	2
10	583	1
27	583	1
44	583	5
64	584	0
65	584	2
18	584	2
37	584	1
5	584	2
54	584	2
7	584	4
26	584	2
45	584	3
79	584	2
49	585	0
65	585	1
53	585	3
6	585	2
72	585	3
25	585	4
57	585	0
43	585	2
59	585	2
14	585	1
66	586	1
2	586	1
35	586	1
21	586	1
55	586	3
74	586	1
45	586	1
29	586	0
14	586	1
63	586	4
32	587	2
3	587	5
54	587	2
40	587	1
58	587	4
59	587	5
44	587	1
77	587	2
13	587	2
63	587	0
66	588	4
21	588	2
5	588	1
54	588	2
23	588	4
56	588	3
10	588	2
58	588	3
45	588	1
31	588	0
54	589	2
22	589	1
6	589	2
38	589	2
23	589	1
72	589	4
41	589	2
9	589	2
74	589	2
63	589	2
1	590	0
17	590	1
36	590	2
8	590	2
25	590	0
27	590	2
28	590	2
14	590	1
30	590	1
47	590	2
51	591	0
68	591	4
21	591	3
54	591	2
70	591	2
25	591	2
73	591	5
42	591	2
61	591	1
31	591	2
64	592	1
1	592	2
66	592	4
35	592	4
69	592	5
57	592	2
27	592	4
62	592	5
15	592	5
63	592	3
48	593	4
36	593	2
5	593	1
37	593	2
22	593	1
24	593	1
28	593	2
76	593	2
61	593	1
31	593	0
64	594	3
66	594	1
71	594	2
26	594	2
58	594	2
27	594	2
12	594	2
61	594	1
77	594	2
31	594	3
34	595	0
4	595	2
5	595	2
37	595	0
6	595	4
56	595	0
8	595	2
75	595	2
12	595	4
45	595	2
1	596	2
35	596	2
6	596	3
9	596	2
73	596	2
26	596	2
43	596	2
60	596	4
62	596	2
15	596	3
64	597	2
17	597	1
36	597	3
37	597	0
25	597	5
10	597	1
27	597	2
29	597	1
45	597	1
47	597	4
67	598	1
19	598	1
52	598	1
20	598	2
37	598	3
70	598	2
27	598	2
44	598	2
29	598	3
45	598	2
1	599	0
50	599	1
34	599	4
3	599	5
4	599	1
72	599	3
9	599	1
74	599	1
60	599	2
29	599	3
32	600	0
33	600	4
36	600	3
37	600	5
56	600	2
10	600	0
26	600	1
44	600	2
29	600	2
31	600	2
64	601	1
3	601	5
4	601	2
5	601	2
37	601	2
38	601	4
57	601	1
27	601	2
79	601	2
31	601	5
48	602	1
0	602	2
33	602	2
65	602	2
39	602	1
23	602	0
72	602	3
9	602	1
74	602	2
59	602	2
32	603	5
64	603	1
0	603	1
53	603	3
21	603	2
54	603	1
38	603	2
43	603	2
75	603	2
29	603	1
1	604	2
21	604	3
23	604	2
41	604	1
73	604	1
42	604	5
43	604	1
75	604	2
77	604	4
78	604	2
49	605	3
2	605	5
67	605	3
52	605	2
37	605	5
8	605	1
40	605	2
10	605	1
43	605	2
79	605	4
33	606	3
20	606	2
21	606	1
22	606	2
70	606	1
9	606	3
44	606	2
12	606	1
29	606	2
63	606	2
48	607	2
18	607	1
34	607	2
68	607	1
5	607	2
37	607	1
54	607	2
55	607	1
59	607	2
62	607	2
33	608	1
1	608	1
34	608	2
18	608	5
67	608	4
73	608	2
41	608	2
26	608	2
61	608	1
62	608	2
17	609	5
66	609	3
21	609	4
5	609	3
72	609	0
58	609	3
12	609	2
76	609	1
63	609	5
79	609	4
18	610	4
4	610	1
6	610	2
42	610	5
43	610	2
59	610	2
75	610	2
28	610	2
13	610	2
15	610	1
35	611	5
4	611	2
68	611	2
21	611	5
23	611	2
42	611	4
45	611	4
13	611	2
46	611	4
78	611	4
34	612	2
5	612	2
6	612	2
71	612	2
24	612	0
9	612	5
41	612	2
76	612	1
30	612	2
79	612	2
18	613	5
35	613	2
5	613	2
38	613	1
55	613	2
10	613	0
42	613	2
75	613	2
14	613	2
47	613	4
64	614	2
33	614	1
53	614	5
37	614	2
22	614	2
72	614	1
10	614	0
27	614	4
12	614	4
61	614	3
20	615	4
54	615	2
55	615	5
56	615	5
24	615	2
9	615	5
43	615	2
61	615	1
30	615	2
15	615	0
0	616	2
64	616	2
18	616	3
19	616	2
67	616	2
23	616	2
8	616	2
44	616	4
62	616	2
31	616	2
50	617	1
68	617	4
23	617	1
72	617	3
10	617	1
26	617	2
75	617	2
13	617	1
77	617	3
63	617	2
0	618	1
20	618	4
21	618	1
55	618	5
41	618	1
25	618	1
9	618	2
58	618	2
14	618	2
79	618	2
64	619	5
17	619	5
5	619	2
55	619	2
24	619	0
72	619	0
73	619	0
41	619	3
27	619	1
63	619	2
64	620	1
49	620	1
2	620	2
51	620	0
21	620	2
56	620	1
40	620	2
57	620	2
26	620	1
47	620	2
16	621	3
67	621	2
21	621	2
55	621	2
59	621	2
75	621	2
12	621	2
76	621	1
62	621	2
15	621	3
48	622	2
19	622	4
71	622	2
39	622	2
23	622	5
41	622	0
11	622	1
44	622	5
28	622	2
61	622	4
17	623	2
36	623	3
68	623	5
7	623	4
56	623	1
24	623	1
26	623	2
28	623	2
61	623	2
47	623	5
19	624	2
68	624	4
52	624	1
4	624	2
53	624	5
6	624	2
23	624	5
41	624	2
75	624	2
31	624	4
66	625	2
53	625	2
54	625	2
24	625	0
41	625	5
75	625	2
60	625	4
77	625	2
13	625	2
63	625	4
0	626	2
18	626	1
52	626	1
36	626	2
6	626	0
71	626	4
58	626	2
44	626	2
61	626	2
45	626	1
33	627	2
69	627	2
70	627	2
23	627	2
7	627	2
26	627	2
60	627	1
12	627	2
76	627	5
61	627	2
48	628	4
64	628	1
2	628	1
67	628	1
39	628	3
71	628	1
25	628	1
26	628	1
10	628	2
46	628	1
17	629	0
19	629	0
3	629	2
20	629	2
21	629	2
6	629	1
71	629	5
55	629	2
61	629	5
30	629	1
18	630	1
35	630	1
36	630	2
53	630	0
69	630	2
41	630	2
11	630	4
59	630	2
27	630	2
30	630	1
0	631	2
66	631	5
67	631	1
35	631	5
9	631	2
57	631	2
74	631	3
27	631	2
11	631	1
46	631	0
48	632	2
37	632	4
71	632	2
72	632	1
57	632	2
74	632	2
44	632	4
13	632	5
29	632	4
79	632	2
68	633	1
69	633	1
53	633	1
71	633	4
74	633	5
59	633	2
60	633	2
12	633	2
44	633	1
77	633	1
0	634	0
18	634	0
50	634	2
6	634	2
70	634	2
7	634	1
56	634	1
74	634	2
44	634	1
78	634	5
32	635	5
69	635	2
53	635	5
40	635	4
73	635	2
9	635	1
26	635	2
27	635	1
28	635	2
14	635	0
36	636	4
37	636	3
53	636	4
70	636	2
24	636	2
73	636	0
11	636	5
59	636	2
13	636	3
78	636	5
48	637	1
65	637	1
1	637	4
68	637	1
69	637	1
54	637	0
9	637	2
43	637	1
12	637	1
79	637	1
51	638	5
20	638	2
69	638	1
5	638	2
23	638	2
40	638	2
27	638	2
12	638	1
76	638	2
46	638	1
49	639	1
67	639	4
68	639	2
52	639	5
54	639	1
70	639	2
25	639	2
77	639	2
46	639	1
31	639	1
68	640	2
54	640	1
6	640	1
39	640	1
72	640	1
25	640	1
58	640	1
42	640	5
11	640	5
46	640	1
50	641	0
68	641	1
22	641	5
71	641	1
8	641	2
56	641	1
40	641	1
29	641	5
61	641	4
15	641	0
34	642	2
67	642	2
54	642	2
22	642	2
70	642	2
56	642	0
40	642	0
74	642	1
11	642	2
13	642	4
16	643	2
32	643	1
34	643	2
69	643	2
55	643	5
72	643	3
41	643	2
74	643	2
14	643	2
31	643	2
49	644	1
1	644	1
17	644	2
50	644	2
34	644	5
51	644	3
9	644	3
28	644	2
78	644	4
47	644	2
48	645	3
49	645	3
20	645	2
4	645	1
23	645	1
9	645	2
10	645	2
59	645	1
61	645	2
78	645	1
32	646	1
33	646	1
49	646	1
35	646	3
23	646	1
74	646	1
28	646	1
77	646	1
15	646	1
79	646	1
16	647	5
50	647	2
51	647	5
55	647	0
73	647	2
41	647	2
74	647	2
11	647	1
12	647	1
13	647	5
48	648	4
1	648	3
21	648	4
53	648	2
8	648	0
9	648	4
14	648	0
62	648	4
30	648	1
78	648	0
16	649	3
0	649	0
49	649	5
50	649	2
35	649	2
68	649	2
55	649	5
43	649	1
78	649	3
15	649	1
18	650	2
5	650	0
6	650	2
54	650	1
24	650	1
41	650	1
59	650	2
43	650	2
45	650	0
31	650	0
51	651	5
23	651	0
8	651	0
9	651	2
25	651	3
60	651	1
44	651	3
30	651	2
62	651	2
15	651	2
33	652	3
17	652	5
66	652	2
50	652	2
36	652	2
69	652	2
53	652	0
22	652	1
60	652	5
14	652	2
16	653	2
1	653	2
50	653	2
19	653	2
55	653	2
56	653	1
43	653	1
77	653	1
14	653	4
31	653	1
64	654	2
49	654	2
50	654	2
34	654	2
6	654	2
39	654	2
23	654	2
12	654	1
63	654	0
15	654	1
1	655	0
50	655	2
68	655	1
8	655	2
72	655	1
73	655	2
58	655	2
10	655	2
59	655	2
28	655	2
2	656	1
51	656	3
39	656	1
55	656	1
24	656	5
57	656	1
25	656	1
58	656	1
10	656	1
75	656	1
66	657	3
69	657	3
22	657	2
72	657	2
41	657	2
57	657	2
74	657	2
10	657	2
78	657	0
46	657	1
19	658	1
3	658	0
21	658	3
70	658	1
8	658	4
40	658	1
73	658	2
74	658	2
26	658	1
60	658	1
33	659	1
34	659	3
3	659	1
21	659	2
58	659	1
76	659	2
28	659	2
60	659	1
63	659	2
47	659	1
32	660	2
33	660	0
50	660	2
3	660	4
4	660	2
52	660	2
22	660	2
12	660	1
28	660	2
78	660	4
50	661	2
68	661	3
70	661	2
22	661	2
7	661	4
10	661	3
27	661	2
60	661	5
29	661	1
79	661	2
0	662	1
65	662	1
18	662	1
69	662	1
6	662	1
23	662	1
42	662	1
43	662	1
11	662	1
77	662	1
48	663	2
49	663	1
3	663	5
5	663	2
54	663	2
72	663	4
40	663	1
25	663	2
28	663	2
76	663	1
68	664	2
53	664	2
38	664	2
22	664	2
7	664	2
26	664	5
75	664	5
43	664	0
28	664	2
45	664	2
48	665	2
17	665	2
2	665	5
39	665	2
73	665	2
41	665	1
10	665	1
13	665	3
30	665	1
15	665	2
65	666	4
68	666	4
22	666	4
23	666	2
39	666	2
24	666	2
8	666	1
73	666	4
10	666	5
14	666	2
48	667	1
1	667	1
49	667	1
51	667	5
4	667	2
23	667	2
55	667	2
9	667	2
28	667	1
29	667	1
16	668	5
18	668	3
67	668	2
53	668	1
5	668	2
6	668	1
11	668	2
77	668	3
78	668	2
31	668	1
16	669	4
2	669	1
35	669	3
21	669	2
38	669	4
72	669	4
25	669	0
11	669	1
12	669	1
30	669	1
64	670	2
0	670	4
66	670	3
3	670	4
69	670	4
55	670	2
43	670	3
60	670	2
29	670	2
63	670	3
52	671	0
53	671	1
5	671	2
38	671	4
39	671	2
41	671	1
73	671	4
10	671	1
42	671	2
28	671	2
65	672	2
19	672	2
35	672	4
5	672	1
69	672	2
40	672	3
74	672	2
10	672	0
43	672	5
29	672	1
49	673	1
65	673	3
17	673	2
67	673	3
68	673	1
54	673	2
39	673	2
7	673	1
75	673	2
61	673	3
1	674	2
67	674	1
51	674	5
38	674	1
55	674	2
7	674	0
73	674	1
76	674	1
14	674	5
31	674	1
16	675	2
66	675	2
70	675	2
72	675	4
41	675	2
9	675	2
12	675	2
61	675	0
14	675	2
62	675	2
17	676	1
53	676	1
71	676	1
73	676	1
42	676	1
28	676	1
78	676	1
15	676	1
31	676	1
79	676	1
48	677	2
20	677	2
37	677	1
7	677	5
58	677	2
10	677	4
11	677	1
45	677	0
46	677	5
63	677	1
48	678	2
4	678	5
70	678	1
23	678	1
71	678	2
8	678	2
25	678	1
58	678	4
28	678	2
30	678	4
67	679	2
4	679	2
53	679	0
70	679	2
24	679	0
40	679	1
8	679	2
58	679	1
12	679	2
45	679	2
32	680	5
33	680	0
21	680	5
54	680	2
55	680	2
72	680	2
73	680	5
44	680	3
62	680	5
78	680	5
32	681	1
48	681	0
19	681	1
67	681	5
36	681	4
4	681	2
69	681	4
53	681	5
72	681	2
60	681	0
50	682	1
19	682	1
36	682	1
4	682	1
69	682	1
24	682	5
72	682	5
28	682	1
79	682	1
31	682	5
32	683	4
0	683	0
18	683	4
22	683	1
40	683	0
42	683	2
45	683	4
62	683	2
78	683	1
63	683	5
48	684	2
1	684	2
68	684	5
53	684	0
8	684	2
27	684	1
76	684	1
29	684	1
14	684	2
78	684	1
17	685	0
18	685	1
35	685	1
20	685	2
5	685	1
54	685	1
39	685	2
9	685	5
74	685	2
15	685	0
65	686	5
19	686	0
36	686	2
21	686	5
54	686	1
24	686	5
58	686	1
43	686	2
76	686	1
79	686	2
49	687	1
34	687	2
68	687	2
55	687	2
23	687	5
42	687	2
58	687	2
11	687	4
44	687	3
63	687	2
17	688	1
1	688	2
35	688	4
72	688	5
58	688	2
42	688	2
12	688	1
77	688	2
63	688	4
31	688	3
1	689	1
49	689	0
50	689	1
51	689	1
6	689	1
71	689	3
55	689	1
73	689	1
9	689	1
13	689	5
64	690	4
23	690	1
7	690	1
24	690	0
41	690	5
75	690	2
11	690	0
28	690	5
76	690	5
79	690	2
48	691	2
1	691	0
65	691	1
34	691	2
68	691	2
70	691	2
55	691	2
42	691	2
28	691	2
30	691	0
32	692	1
50	692	1
54	692	1
71	692	1
56	692	1
24	692	1
11	692	2
60	692	1
29	692	0
15	692	1
1	693	2
66	693	5
37	693	2
21	693	4
6	693	5
55	693	4
72	693	2
61	693	2
30	693	2
15	693	5
65	694	4
36	694	3
53	694	1
21	694	4
70	694	2
22	694	2
7	694	1
8	694	5
59	694	2
29	694	2
0	695	0
65	695	4
51	695	2
4	695	5
21	695	1
22	695	1
74	695	1
75	695	1
45	695	1
14	695	1
64	696	1
16	696	5
17	696	2
53	696	1
70	696	2
8	696	2
44	696	1
45	696	0
61	696	2
14	696	2
16	697	2
50	697	2
69	697	2
53	697	4
6	697	2
7	697	2
8	697	2
73	697	1
44	697	3
63	697	5
49	698	0
68	698	1
5	698	2
55	698	1
41	698	4
9	698	2
10	698	5
29	698	3
62	698	1
47	698	2
48	699	2
51	699	0
39	699	1
8	699	2
25	699	2
58	699	2
29	699	2
13	699	5
46	699	1
31	699	1
20	700	1
37	700	2
5	700	4
69	700	1
53	700	5
71	700	2
24	700	3
41	700	4
42	700	4
45	700	2
34	701	1
68	701	0
53	701	1
71	701	1
57	701	2
25	701	5
28	701	2
13	701	2
14	701	2
63	701	1
64	702	0
6	702	2
7	702	2
72	702	2
57	702	2
25	702	2
43	702	2
59	702	2
13	702	3
15	702	0
48	703	0
33	703	2
2	703	1
36	703	4
5	703	4
21	703	3
7	703	1
73	703	4
13	703	2
77	703	1
51	704	3
3	704	0
69	704	2
5	704	2
7	704	2
40	704	5
72	704	1
57	704	2
41	704	2
47	704	2
32	705	0
2	705	2
8	705	2
72	705	4
9	705	2
29	705	0
62	705	2
14	705	3
15	705	2
47	705	1
17	706	4
19	706	5
38	706	4
56	706	2
24	706	2
60	706	2
76	706	3
77	706	2
45	706	0
62	706	5
34	707	1
52	707	1
38	707	1
22	707	1
57	707	1
12	707	1
61	707	1
14	707	5
63	707	1
79	707	1
2	708	2
20	708	4
4	708	2
38	708	4
41	708	1
43	708	4
60	708	4
13	708	1
46	708	2
79	708	4
48	709	2
1	709	4
35	709	2
52	709	4
58	709	1
26	709	2
59	709	1
75	709	2
45	709	2
63	709	2
3	710	2
37	710	5
54	710	1
22	710	2
43	710	5
12	710	5
60	710	1
45	710	1
14	710	4
31	710	2
50	711	2
51	711	2
54	711	1
40	711	1
41	711	2
26	711	2
42	711	2
75	711	2
63	711	4
79	711	2
49	712	1
19	712	2
21	712	1
9	712	0
25	712	0
58	712	2
42	712	2
26	712	5
74	712	2
28	712	5
32	713	1
20	713	2
69	713	2
23	713	2
72	713	4
24	713	1
73	713	5
30	713	2
14	713	1
31	713	1
48	714	5
64	714	1
19	714	1
36	714	3
38	714	1
23	714	4
8	714	1
24	714	2
58	714	1
79	714	5
65	715	3
4	715	2
53	715	1
38	715	2
6	715	1
59	715	1
12	715	5
60	715	1
45	715	1
61	715	4
50	716	2
66	716	5
69	716	2
23	716	2
55	716	1
26	716	2
74	716	2
11	716	1
77	716	5
47	716	4
16	717	0
49	717	5
2	717	1
50	717	3
36	717	2
5	717	2
6	717	3
39	717	2
75	717	1
31	717	2
48	718	2
18	718	4
35	718	2
51	718	1
36	718	1
20	718	2
53	718	3
54	718	1
10	718	4
45	718	2
64	719	1
17	719	5
36	719	2
38	719	2
22	719	5
6	719	1
39	719	1
73	719	1
28	719	2
62	719	2
64	720	5
35	720	1
23	720	5
41	720	5
10	720	2
27	720	2
60	720	1
77	720	4
45	720	2
14	720	0
19	721	2
36	721	3
37	721	4
24	721	5
25	721	2
74	721	1
59	721	2
27	721	1
60	721	1
47	721	2
48	722	2
0	722	2
33	722	4
2	722	2
35	722	2
23	722	4
43	722	0
77	722	2
29	722	2
46	722	0
33	723	2
1	723	2
18	723	0
34	723	2
4	723	2
74	723	1
27	723	2
29	723	2
79	723	2
47	723	1
18	724	1
67	724	4
4	724	2
52	724	1
22	724	2
55	724	3
71	724	3
44	724	2
76	724	1
78	724	1
18	725	3
67	725	2
3	725	2
35	725	2
22	725	1
6	725	1
39	725	2
61	725	5
31	725	1
63	725	3
50	726	1
3	726	1
37	726	0
23	726	1
72	726	2
8	726	1
73	726	0
58	726	1
30	726	1
15	726	2
49	727	1
1	727	2
66	727	1
4	727	2
36	727	5
8	727	2
73	727	2
10	727	5
58	727	2
77	727	4
48	728	4
17	728	1
66	728	1
52	728	1
55	728	1
73	728	1
9	728	5
43	728	1
77	728	2
61	728	4
51	729	2
19	729	3
69	729	2
6	729	2
22	729	4
23	729	2
73	729	2
76	729	3
44	729	0
61	729	2
48	730	2
65	730	1
1	730	3
34	730	2
3	730	0
51	730	1
70	730	3
39	730	2
41	730	2
27	730	2
49	731	2
3	731	2
52	731	2
36	731	5
68	731	1
54	731	1
42	731	5
59	731	5
78	731	3
15	731	4
0	732	2
3	732	2
36	732	2
25	732	2
60	732	2
28	732	2
78	732	2
30	732	2
14	732	2
46	732	2
17	733	2
18	733	0
68	733	2
20	733	2
52	733	2
7	733	2
10	733	2
29	733	2
78	733	2
47	733	2
49	734	1
35	734	1
7	734	1
58	734	1
60	734	4
30	734	1
78	734	1
31	734	1
15	734	3
79	734	1
50	735	2
68	735	2
70	735	2
38	735	2
22	735	1
56	735	0
26	735	5
76	735	1
12	735	5
47	735	2
33	736	4
69	736	4
24	736	2
58	736	5
43	736	4
60	736	1
76	736	3
29	736	2
77	736	4
46	736	3
32	737	2
33	737	2
18	737	1
37	737	1
22	737	1
55	737	2
23	737	1
13	737	4
61	737	2
29	737	2
18	738	1
52	738	0
36	738	2
21	738	1
5	738	2
9	738	2
57	738	2
74	738	2
26	738	2
11	738	1
16	739	0
33	739	2
18	739	3
51	739	2
4	739	3
7	739	4
8	739	2
76	739	2
29	739	2
13	739	4
1	740	2
65	740	1
34	740	0
67	740	2
68	740	1
22	740	2
26	740	0
58	740	0
11	740	2
15	740	2
48	741	1
66	741	1
35	741	1
53	741	2
69	741	4
40	741	1
41	741	1
25	741	1
28	741	1
78	741	1
2	742	2
50	742	2
68	742	0
54	742	2
24	742	3
41	742	2
58	742	2
10	742	4
26	742	2
13	742	2
50	743	2
4	743	1
68	743	1
5	743	5
6	743	2
39	743	1
71	743	1
24	743	4
40	743	2
13	743	1
66	744	2
6	744	2
39	744	2
8	744	2
25	744	1
42	744	2
58	744	1
11	744	2
62	744	2
63	744	2
16	745	1
33	745	2
51	745	4
4	745	5
21	745	1
37	745	5
12	745	0
60	745	2
28	745	2
62	745	2
65	746	2
36	746	1
71	746	1
10	746	1
42	746	2
74	746	2
59	746	1
77	746	2
79	746	0
31	746	2
48	747	1
20	747	2
5	747	2
38	747	1
25	747	5
41	747	2
74	747	2
77	747	1
29	747	1
47	747	5
33	748	2
3	748	2
69	748	2
22	748	2
56	748	3
58	748	3
28	748	2
12	748	3
79	748	2
15	748	4
48	749	2
0	749	3
51	749	2
6	749	2
23	749	0
56	749	4
74	749	2
28	749	4
61	749	4
46	749	2
66	750	2
51	750	0
67	750	2
20	750	2
4	750	2
56	750	2
27	750	1
60	750	0
15	750	1
63	750	2
50	751	4
2	751	2
35	751	2
67	751	2
52	751	1
21	751	2
24	751	1
59	751	2
13	751	2
45	751	1
16	752	2
1	752	1
34	752	2
18	752	4
2	752	1
3	752	0
56	752	1
57	752	2
25	752	2
78	752	2
1	753	0
5	753	2
71	753	0
72	753	2
8	753	2
40	753	0
58	753	4
28	753	2
14	753	3
46	753	2
16	754	1
19	754	1
4	754	2
23	754	2
55	754	2
24	754	3
42	754	2
11	754	1
62	754	2
46	754	1
52	755	3
68	755	0
37	755	1
21	755	1
8	755	3
12	755	1
13	755	1
62	755	2
79	755	2
31	755	1
50	756	2
34	756	2
19	756	5
68	756	5
52	756	0
39	756	0
40	756	0
56	756	0
42	756	2
75	756	4
68	757	2
37	757	1
5	757	2
56	757	1
74	757	2
26	757	4
43	757	2
27	757	5
44	757	2
45	757	2
52	758	2
69	758	2
24	758	0
75	758	4
11	758	0
44	758	2
61	758	1
62	758	2
31	758	0
79	758	2
1	759	3
50	759	2
18	759	3
6	759	2
8	759	4
9	759	1
26	759	0
27	759	1
13	759	2
14	759	4
48	760	1
21	760	2
23	760	3
56	760	4
57	760	2
60	760	0
28	760	2
78	760	2
47	760	2
15	760	2
18	761	3
21	761	1
37	761	1
53	761	5
71	761	1
40	761	5
73	761	2
76	761	2
60	761	1
61	761	5
17	762	2
4	762	2
20	762	2
52	762	1
68	762	0
39	762	2
8	762	2
10	762	2
30	762	1
79	762	2
0	763	2
34	763	2
35	763	2
67	763	2
71	763	1
10	763	0
58	763	2
13	763	1
46	763	5
15	763	1
35	764	1
3	764	1
71	764	2
10	764	4
75	764	2
60	764	5
76	764	4
30	764	4
79	764	1
15	764	1
35	765	1
19	765	1
21	765	3
54	765	4
7	765	0
71	765	2
13	765	2
14	765	2
30	765	4
47	765	4
64	766	3
35	766	2
19	766	1
5	766	2
40	766	3
41	766	2
74	766	2
43	766	2
14	766	2
15	766	1
32	767	1
52	767	5
7	767	1
8	767	1
24	767	3
57	767	1
42	767	1
76	767	4
12	767	1
30	767	1
4	768	2
52	768	1
71	768	3
8	768	2
74	768	4
27	768	2
13	768	5
78	768	0
14	768	3
30	768	5
64	769	2
17	769	2
34	769	2
35	769	1
53	769	1
72	769	0
8	769	2
11	769	1
12	769	0
14	769	2
32	770	4
5	770	2
55	770	0
71	770	1
57	770	1
73	770	2
76	770	2
12	770	0
29	770	2
47	770	2
18	771	2
20	771	4
4	771	3
5	771	4
38	771	4
23	771	2
41	771	2
76	771	5
78	771	4
62	771	4
51	772	1
55	772	1
57	772	3
9	772	2
59	772	2
13	772	1
78	772	2
47	772	2
79	772	2
63	772	2
50	773	3
67	773	1
21	773	5
39	773	2
25	773	2
26	773	2
27	773	2
59	773	3
29	773	4
47	773	2
16	774	2
18	774	1
3	774	2
4	774	2
53	774	1
37	774	2
38	774	2
39	774	2
41	774	2
46	774	3
1	775	0
34	775	2
67	775	1
39	775	1
24	775	1
72	775	2
74	775	0
11	775	0
13	775	3
15	775	2
68	776	1
70	776	2
72	776	5
9	776	0
25	776	1
73	776	2
28	776	2
77	776	1
61	776	1
29	776	0
1	777	1
51	777	1
36	777	1
37	777	1
54	777	1
71	777	1
55	777	1
40	777	2
58	777	5
13	777	1
34	778	2
51	778	1
3	778	5
4	778	2
36	778	2
21	778	2
75	778	2
27	778	0
12	778	1
44	778	1
32	779	2
33	779	2
1	779	0
72	779	1
25	779	2
27	779	2
43	779	2
60	779	1
79	779	1
47	779	1
66	780	2
6	780	2
56	780	0
26	780	2
10	780	3
75	780	2
43	780	2
12	780	4
60	780	0
13	780	2
34	781	2
67	781	2
53	781	1
55	781	1
73	781	2
42	781	4
11	781	1
45	781	5
30	781	2
15	781	2
64	782	0
54	782	1
6	782	2
73	782	2
57	782	1
25	782	1
27	782	3
76	782	1
79	782	2
63	782	5
64	783	2
20	783	3
8	783	4
9	783	2
42	783	0
26	783	2
76	783	0
78	783	2
30	783	2
62	783	2
18	784	0
68	784	1
37	784	1
22	784	4
10	784	5
58	784	3
43	784	1
44	784	2
29	784	2
77	784	1
0	785	2
16	785	2
49	785	5
19	785	1
52	785	1
6	785	2
23	785	2
60	785	3
28	785	2
45	785	1
33	786	0
53	786	1
37	786	1
23	786	1
7	786	2
10	786	2
43	786	5
75	786	2
77	786	2
63	786	1
32	787	1
16	787	4
65	787	2
50	787	2
36	787	2
37	787	1
57	787	1
59	787	1
76	787	5
29	787	0
48	788	1
0	788	3
18	788	2
22	788	1
55	788	3
56	788	1
24	788	3
72	788	0
11	788	1
47	788	1
2	789	4
19	789	3
35	789	2
52	789	2
7	789	4
39	789	4
41	789	4
76	789	0
46	789	2
31	789	2
16	790	0
18	790	5
68	790	2
23	790	1
7	790	1
73	790	2
42	790	2
58	790	1
60	790	1
77	790	2
2	791	5
35	791	2
20	791	1
22	791	1
54	791	2
8	791	2
10	791	5
77	791	2
61	791	2
63	791	1
48	792	2
19	792	5
6	792	0
8	792	2
25	792	1
74	792	2
59	792	1
13	792	1
29	792	2
15	792	2
33	793	5
17	793	1
36	793	1
20	793	2
53	793	2
6	793	2
73	793	2
12	793	1
28	793	2
47	793	2
48	794	5
50	794	1
52	794	5
53	794	1
6	794	4
54	794	1
55	794	2
40	794	1
59	794	2
44	794	2
0	795	2
51	795	1
67	795	2
4	795	5
20	795	0
21	795	1
39	795	5
40	795	1
58	795	1
74	795	1
66	796	3
19	796	2
3	796	1
21	796	0
22	796	1
6	796	2
55	796	5
58	796	2
45	796	1
15	796	5
16	797	1
1	797	2
67	797	1
69	797	1
6	797	1
9	797	1
25	797	1
26	797	1
75	797	4
29	797	1
49	798	0
19	798	1
20	798	2
39	798	2
56	798	1
12	798	2
60	798	1
45	798	4
13	798	1
31	798	3
32	799	1
1	799	4
49	799	0
50	799	3
70	799	2
38	799	2
58	799	3
59	799	2
44	799	1
30	799	3
48	800	3
68	800	2
37	800	2
7	800	5
8	800	5
41	800	2
26	800	1
42	800	5
59	800	2
15	800	2
32	801	4
33	801	4
17	801	2
37	801	1
72	801	2
59	801	2
60	801	2
29	801	2
45	801	0
79	801	2
32	802	2
1	802	2
33	802	5
18	802	1
20	802	2
53	802	1
70	802	2
39	802	1
74	802	2
76	802	2
32	803	2
17	803	4
51	803	3
55	803	4
7	803	5
58	803	3
43	803	3
60	803	1
45	803	2
78	803	2
16	804	1
18	804	2
4	804	1
68	804	1
21	804	4
22	804	1
72	804	4
9	804	1
74	804	1
43	804	1
49	805	1
33	805	1
6	805	1
7	805	1
39	805	1
55	805	1
61	805	4
13	805	1
30	805	1
15	805	1
0	806	2
17	806	5
66	806	1
19	806	2
3	806	4
69	806	2
21	806	1
41	806	2
75	806	2
29	806	1
17	807	2
67	807	5
4	807	1
6	807	2
71	807	1
8	807	1
73	807	5
9	807	3
12	807	1
13	807	1
65	808	5
33	808	4
68	808	0
52	808	5
37	808	1
24	808	2
26	808	2
44	808	4
14	808	2
15	808	3
1	809	1
51	809	1
68	809	2
70	809	2
39	809	2
71	809	3
8	809	2
42	809	2
75	809	2
62	809	2
49	810	5
17	810	2
18	810	1
51	810	4
58	810	2
42	810	2
12	810	2
46	810	2
30	810	2
63	810	0
33	811	5
66	811	3
50	811	0
3	811	5
35	811	1
23	811	0
39	811	1
72	811	3
79	811	1
31	811	3
17	812	2
2	812	2
18	812	2
3	812	1
53	812	4
5	812	2
39	812	1
11	812	0
27	812	2
13	812	2
32	813	1
64	813	2
17	813	5
34	813	5
37	813	1
53	813	1
23	813	2
40	813	1
27	813	2
31	813	1
48	814	2
32	814	1
33	814	2
19	814	5
67	814	2
52	814	0
5	814	1
71	814	3
15	814	1
79	814	2
33	815	1
34	815	2
68	815	1
39	815	2
59	815	2
27	815	1
11	815	1
44	815	3
14	815	4
62	815	2
32	816	2
51	816	2
3	816	2
4	816	3
53	816	1
57	816	4
41	816	2
11	816	0
60	816	1
63	816	0
65	817	5
33	817	2
2	817	2
18	817	3
69	817	2
71	817	2
57	817	2
76	817	3
77	817	2
45	817	0
2	818	2
19	818	1
8	818	3
57	818	0
26	818	2
43	818	2
61	818	2
13	818	4
78	818	2
31	818	5
48	819	4
67	819	1
4	819	4
37	819	2
69	819	2
7	819	2
24	819	4
56	819	0
43	819	4
15	819	4
48	820	4
16	820	2
33	820	4
53	820	5
21	820	2
43	820	4
60	820	4
12	820	2
15	820	4
47	820	4
18	821	5
19	821	0
3	821	1
4	821	2
20	821	2
41	821	1
73	821	2
44	821	0
13	821	5
30	821	2
0	822	2
49	822	1
68	822	4
20	822	2
24	822	1
57	822	2
41	822	2
74	822	2
59	822	2
76	822	0
64	823	1
49	823	2
50	823	2
37	823	1
71	823	1
40	823	1
41	823	2
27	823	2
11	823	0
77	823	2
16	824	2
35	824	1
69	824	1
38	824	2
22	824	1
7	824	2
10	824	3
45	824	5
61	824	2
15	824	1
54	825	2
70	825	4
22	825	2
23	825	2
56	825	2
24	825	3
9	825	4
75	825	2
15	825	3
31	825	2
0	826	1
17	826	2
66	826	0
35	826	2
4	826	1
69	826	2
6	826	1
22	826	2
56	826	1
63	826	1
48	827	0
0	827	3
51	827	4
53	827	1
6	827	1
71	827	0
57	827	2
42	827	2
61	827	1
31	827	1
66	828	0
19	828	3
21	828	2
73	828	1
27	828	5
43	828	2
28	828	1
61	828	2
46	828	5
62	828	2
51	829	1
20	829	2
24	829	5
25	829	3
11	829	2
30	829	0
46	829	2
78	829	1
47	829	5
63	829	5
1	830	2
49	830	3
67	830	1
69	830	2
54	830	2
71	830	2
59	830	2
44	830	1
13	830	1
15	830	1
48	831	2
16	831	3
65	831	2
3	831	1
51	831	4
52	831	3
5	831	2
54	831	5
25	831	2
76	831	2
18	832	1
50	832	2
5	832	2
72	832	1
28	832	2
44	832	0
13	832	4
46	832	0
78	832	2
62	832	2
19	833	0
37	833	1
54	833	4
9	833	3
28	833	2
12	833	2
77	833	1
45	833	4
62	833	4
79	833	2
0	834	2
64	834	2
65	834	3
20	834	2
23	834	1
39	834	1
56	834	5
57	834	3
10	834	5
15	834	1
66	835	2
34	835	2
38	835	2
22	835	3
6	835	2
40	835	2
57	835	1
45	835	1
61	835	2
15	835	2
0	836	4
65	836	5
34	836	5
2	836	5
54	836	1
6	836	5
7	836	3
73	836	5
43	836	0
62	836	5
64	837	2
0	837	2
17	837	1
66	837	1
4	837	2
37	837	1
54	837	1
9	837	0
12	837	1
29	837	1
32	838	0
49	838	4
34	838	0
21	838	1
41	838	2
73	838	2
57	838	5
59	838	4
61	838	3
63	838	2
1	839	1
66	839	3
18	839	1
53	839	0
6	839	2
57	839	2
27	839	0
29	839	2
78	839	2
14	839	3
19	840	1
4	840	4
53	840	2
38	840	2
8	840	2
25	840	2
73	840	2
44	840	1
60	840	0
77	840	2
1	841	2
49	841	4
68	841	2
21	841	1
23	841	2
40	841	1
26	841	2
76	841	1
46	841	4
62	841	2
48	842	1
65	842	0
2	842	4
36	842	2
4	842	3
70	842	2
58	842	2
76	842	1
61	842	5
63	842	2
33	843	2
35	843	1
20	843	2
5	843	2
71	843	2
25	843	2
43	843	2
77	843	2
61	843	1
78	843	0
64	844	5
35	844	2
67	844	0
37	844	3
70	844	2
6	844	5
58	844	2
10	844	0
59	844	2
62	844	2
32	845	5
49	845	3
50	845	2
2	845	2
38	845	2
7	845	2
71	845	2
28	845	2
78	845	2
15	845	1
48	846	2
50	846	2
67	846	2
69	846	2
70	846	1
55	846	2
8	846	2
25	846	3
61	846	0
31	846	0
0	847	2
65	847	2
50	847	1
35	847	0
52	847	4
10	847	5
27	847	2
12	847	2
63	847	1
47	847	1
34	848	3
3	848	0
68	848	1
37	848	2
5	848	2
22	848	4
73	848	2
58	848	2
46	848	0
30	848	2
16	849	5
66	849	2
55	849	2
72	849	3
56	849	4
11	849	2
60	849	2
77	849	2
45	849	2
14	849	2
32	850	2
16	850	1
34	850	2
51	850	1
68	850	1
69	850	1
27	850	2
60	850	1
79	850	2
31	850	4
48	851	2
49	851	4
4	851	2
21	851	4
54	851	1
41	851	0
74	851	1
11	851	1
61	851	2
45	851	2
48	852	2
32	852	2
19	852	5
3	852	0
37	852	1
42	852	2
27	852	3
60	852	2
61	852	5
13	852	5
32	853	1
0	853	1
34	853	2
68	853	2
40	853	1
26	853	2
12	853	4
14	853	1
47	853	2
15	853	1
66	854	2
67	854	2
52	854	1
68	854	0
69	854	1
38	854	2
7	854	2
14	854	1
78	854	4
15	854	2
64	855	2
50	855	2
2	855	2
35	855	1
69	855	2
24	855	2
60	855	5
77	855	2
31	855	2
63	855	2
0	856	1
17	856	1
65	856	1
71	856	1
59	856	1
11	856	5
43	856	0
76	856	1
60	856	2
29	856	4
2	857	2
36	857	2
55	857	0
73	857	2
42	857	2
27	857	2
76	857	0
44	857	2
13	857	5
78	857	2
0	858	2
2	858	3
50	858	0
35	858	1
20	858	2
22	858	2
38	858	2
75	858	2
27	858	5
61	858	4
1	859	0
3	859	1
68	859	2
39	859	2
71	859	1
42	859	2
26	859	2
59	859	2
27	859	4
62	859	2
48	860	1
1	860	1
18	860	1
5	860	1
6	860	1
55	860	2
57	860	1
58	860	4
27	860	1
60	860	2
32	861	2
3	861	4
20	861	2
21	861	2
7	861	3
24	861	3
42	861	2
28	861	2
77	861	1
30	861	3
18	862	1
20	862	2
36	862	2
21	862	2
55	862	5
71	862	5
40	862	1
27	862	2
76	862	1
14	862	4
65	863	2
36	863	2
69	863	2
53	863	1
6	863	4
55	863	3
75	863	2
11	863	1
45	863	3
15	863	1
33	864	2
3	864	3
37	864	4
21	864	2
38	864	1
58	864	1
26	864	2
77	864	1
61	864	2
31	864	1
18	865	1
53	865	1
21	865	2
22	865	2
54	865	1
71	865	2
40	865	0
25	865	2
26	865	4
77	865	1
48	866	1
35	866	4
36	866	2
53	866	1
75	866	1
12	866	5
13	866	1
29	866	2
61	866	5
47	866	1
51	867	3
21	867	4
69	867	2
39	867	2
23	867	0
24	867	2
9	867	2
26	867	2
27	867	2
79	867	2
16	868	2
65	868	5
3	868	2
19	868	5
38	868	5
23	868	0
9	868	5
27	868	5
61	868	2
62	868	1
32	869	0
17	869	2
2	869	0
20	869	2
4	869	2
9	869	4
10	869	3
75	869	2
60	869	5
44	869	2
64	870	2
1	870	2
69	870	5
53	870	1
54	870	5
42	870	0
43	870	0
61	870	2
46	870	2
63	870	1
64	871	2
49	871	1
17	871	3
33	871	2
2	871	2
35	871	2
59	871	2
75	871	1
76	871	1
46	871	1
32	872	2
48	872	2
49	872	3
18	872	3
66	872	1
38	872	2
8	872	0
29	872	1
14	872	2
63	872	1
64	873	2
1	873	1
34	873	2
36	873	1
69	873	2
54	873	1
7	873	2
58	873	2
76	873	2
14	873	5
36	874	2
70	874	1
22	874	3
7	874	2
40	874	1
8	874	2
72	874	2
25	874	2
10	874	4
14	874	1
0	875	4
34	875	1
67	875	2
22	875	4
56	875	2
10	875	1
59	875	2
11	875	2
77	875	2
46	875	1
19	876	4
68	876	2
69	876	1
21	876	2
24	876	1
25	876	2
41	876	2
73	876	1
62	876	2
79	876	2
32	877	0
18	877	0
35	877	2
20	877	2
38	877	2
54	877	2
56	877	1
74	877	2
28	877	2
14	877	2
65	878	2
34	878	2
67	878	1
68	878	5
55	878	4
42	878	2
10	878	1
13	878	2
77	878	2
46	878	3
67	879	1
52	879	1
5	879	2
54	879	2
55	879	2
58	879	2
44	879	1
61	879	1
45	879	4
79	879	4
2	880	1
19	880	3
68	880	4
4	880	1
54	880	1
22	880	5
55	880	1
24	880	2
28	880	1
77	880	1
33	881	2
68	881	2
69	881	2
8	881	2
9	881	1
25	881	5
41	881	2
10	881	1
60	881	0
62	881	2
49	882	5
51	882	0
37	882	5
54	882	1
38	882	2
39	882	2
58	882	2
74	882	2
59	882	1
47	882	2
32	883	1
65	883	3
52	883	3
6	883	2
23	883	1
40	883	5
10	883	1
26	883	2
46	883	4
47	883	0
34	884	2
35	884	5
5	884	2
54	884	2
7	884	1
41	884	2
10	884	1
29	884	2
46	884	3
78	884	2
32	885	3
1	885	4
67	885	2
3	885	3
36	885	2
52	885	2
37	885	1
70	885	2
43	885	3
62	885	1
0	886	2
18	886	3
39	886	5
9	886	2
42	886	2
27	886	2
28	886	5
45	886	0
78	886	1
62	886	2
17	887	2
66	887	2
52	887	3
36	887	0
25	887	2
74	887	2
43	887	2
61	887	0
62	887	2
30	887	2
49	888	1
67	888	1
36	888	2
6	888	1
10	888	1
74	888	5
11	888	1
61	888	1
78	888	2
47	888	2
17	889	4
66	889	2
51	889	1
4	889	4
69	889	4
22	889	2
55	889	0
74	889	2
27	889	4
13	889	1
18	890	2
19	890	2
21	890	2
74	890	4
11	890	4
77	890	3
62	890	2
63	890	2
31	890	4
79	890	4
49	891	5
65	891	1
34	891	3
3	891	1
55	891	3
39	891	1
74	891	1
59	891	5
44	891	0
61	891	3
32	892	2
66	892	4
34	892	2
52	892	1
21	892	2
22	892	2
39	892	4
74	892	5
12	892	1
77	892	1
32	893	1
33	893	1
38	893	1
9	893	1
57	893	1
10	893	2
58	893	1
62	893	1
63	893	1
15	893	5
49	894	2
51	894	2
8	894	1
57	894	3
26	894	1
75	894	1
28	894	1
45	894	4
79	894	1
31	894	4
32	895	1
18	895	1
51	895	2
20	895	4
71	895	5
10	895	1
62	895	1
79	895	1
63	895	1
15	895	1
17	896	5
18	896	2
36	896	5
20	896	3
53	896	2
37	896	4
10	896	5
13	896	2
46	896	0
47	896	4
48	897	5
17	897	2
67	897	5
52	897	3
20	897	5
39	897	5
24	897	2
11	897	0
12	897	2
30	897	1